1 1
1 9
1 17
1 25
1 33
1 41
1 49
1 57
1 65
2 8
2 16
2 24
2 32
2 40
2 48
2 56
2 64
3 7
3 15
3 23
3 31
3 39
3 47
3 55
3 63
4 6
4 14
4 22
4 30
4 38
4 46
4 54
4 62
5 5
5 13
5 21
5 29
5 37
5 45
5 53
5 61
6 4
6 12
6 20
6 28
6 36
6 44
6 52
6 60
7 3
7 11
7 19
7 27
7 35
7 43
7 51
7 59
8 2
8 10
8 18
8 26
8 34
8 42
8 50
8 58
9 1
9 9
9 17
9 25
9 33
9 41
9 49
9 57
9 65
10 8
10 16
10 24
10 32
10 40
10 48
10 56
10 64
11 7
11 15
11 23
11 31
11 39
11 47
11 55
11 63
12 6
12 14
12 22
12 30
12 38
12 46
12 54
12 62
13 5
13 13
13 21
13 29
13 37
13 45
13 53
13 61
14 4
14 12
14 20
14 28
14 36
14 44
14 52
14 60
15 3
15 11
15 19
15 27
15 35
15 43
15 51
15 59
16 2
16 10
16 18
16 26
16 34
16 42
16 50
16 58
17 1
17 9
17 17
17 25
17 33
17 41
17 49
17 57
17 65
18 8
18 16
18 24
18 32
18 40
18 48
18 56
18 64
19 7
19 15
19 23
19 31
19 39
19 47
19 55
19 63
20 6
20 14
20 22
20 30
20 38
20 46
20 54
20 62
21 5
21 13
21 21
21 29
21 37
21 45
21 53
21 61
22 4
22 12
22 20
22 28
22 36
22 44
22 52
22 60
23 3
23 11
23 19
23 27
23 35
23 43
23 51
23 59
24 2
24 10
24 18
24 26
24 34
24 42
24 50
24 58
25 1
25 9
25 17
25 25
25 33
25 41
25 49
25 57
25 65
26 8
26 16
26 24
26 32
26 40
26 48
26 56
26 64
27 7
27 15
27 23
27 31
27 39
27 47
27 55
27 63
28 6
28 14
28 22
28 30
28 38
28 46
28 54
28 62
29 5
29 13
29 21
29 29
29 37
29 45
29 53
29 61
30 4
30 12
30 20
30 28
30 36
30 44
30 52
30 60
31 3
31 11
31 19
31 27
31 35
31 43
31 51
31 59
32 2
32 10
32 18
32 26
32 34
32 42
32 50
32 58
33 1
33 9
33 17
33 25
33 33
33 41
33 49
33 57
33 65
34 8
34 16
34 24
34 32
34 40
34 48
34 56
34 64
35 7
35 15
35 23
35 31
35 39
35 47
35 55
35 63
36 6
36 14
36 22
36 30
36 38
36 46
36 54
36 62
37 5
37 13
37 21
37 29
37 37
37 45
37 53
37 61
38 4
38 12
38 20
38 28
38 36
38 44
38 52
38 60
39 3
39 11
39 19
39 27
39 35
39 43
39 51
39 59
40 2
40 10
40 18
40 26
40 34
40 42
40 50
40 58
41 1
41 9
41 17
41 25
41 33
41 41
41 49
41 57
41 65
42 8
42 16
42 24
42 32
42 40
42 48
42 56
42 64
43 7
43 15
43 23
43 31
43 39
43 47
43 55
43 63
44 6
44 14
44 22
44 30
44 38
44 46
44 54
44 62
45 5
45 13
45 21
45 29
45 37
45 45
45 53
45 61
46 4
46 12
46 20
46 28
46 36
46 44
46 52
46 60
47 3
47 11
47 19
47 27
47 35
47 43
47 51
47 59
48 2
48 10
48 18
48 26
48 34
48 42
48 50
48 58
49 1
49 9
49 17
49 25
49 33
49 41
49 49
49 57
49 65
50 8
50 16
50 24
50 32
50 40
50 48
50 56
50 64
51 7
51 15
51 23
51 31
51 39
51 47
51 55
51 63
52 6
52 14
52 22
52 30
52 38
52 46
52 54
52 62
53 5
53 13
53 21
53 29
53 37
53 45
53 53
53 61
54 4
54 12
54 20
54 28
54 36
54 44
54 52
54 60
55 3
55 11
55 19
55 27
55 35
55 43
55 51
55 59
56 2
56 10
56 18
56 26
56 34
56 42
56 50
56 58
57 1
57 9
57 17
57 25
57 33
57 41
57 49
57 57
57 65
58 8
58 16
58 24
58 32
58 40
58 48
58 56
58 64
59 7
59 15
59 23
59 31
59 39
59 47
59 55
59 63
60 6
60 14
60 22
60 30
60 38
60 46
60 54
60 62
61 5
61 13
61 21
61 29
61 37
61 45
61 53
61 61
62 4
62 12
62 20
62 28
62 36
62 44
62 52
62 60
63 3
63 11
63 19
63 27
63 35
63 43
63 51
63 59
64 2
64 10
64 18
64 26
64 34
64 42
64 50
64 58
65 1
65 9
65 17
65 25
65 33
65 41
65 49
65 57
65 65
66 8
66 16
66 24
66 32
66 40
66 48
66 56
66 64
67 7
67 15
67 23
67 31
67 39
67 47
67 55
67 63
68 6
68 14
68 22
68 30
68 38
68 46
68 54
68 62
69 5
69 13
69 21
69 29
69 37
69 45
69 53
69 61
70 4
70 12
70 20
70 28
70 36
70 44
70 52
70 60
71 3
71 11
71 19
71 27
71 35
71 43
71 51
71 59
72 2
72 10
72 18
72 26
72 34
72 42
72 50
72 58
73 1
73 9
73 17
73 25
73 33
73 41
73 49
73 57
73 65
74 8
74 16
74 24
74 32
74 40
74 48
74 56
74 64
75 7
75 15
75 23
75 31
75 39
75 47
75 55
75 63
76 6
76 14
76 22
76 30
76 38
76 46
76 54
76 62
77 5
77 13
77 21
77 29
77 37
77 45
77 53
77 61
78 4
78 12
78 20
78 28
78 36
78 44
78 52
78 60
79 3
79 11
79 19
79 27
79 35
79 43
79 51
79 59
80 2
80 10
80 18
80 26
80 34
80 42
80 50
80 58
81 1
81 9
81 17
81 25
81 33
81 41
81 49
81 57
81 65
82 8
82 16
82 24
82 32
82 40
82 48
82 56
82 64
83 7
83 15
83 23
83 31
83 39
83 47
83 55
83 63
84 6
84 14
84 22
84 30
84 38
84 46
84 54
84 62
85 5
85 13
85 21
85 29
85 37
85 45
85 53
85 61
86 4
86 12
86 20
86 28
86 36
86 44
86 52
86 60
87 3
87 11
87 19
87 27
87 35
87 43
87 51
87 59
88 2
88 10
88 18
88 26
88 34
88 42
88 50
88 58
89 1
89 9
89 17
89 25
89 33
89 41
89 49
89 57
89 65
90 8
90 16
90 24
90 32
90 40
90 48
90 56
90 64
91 7
91 15
91 23
91 31
91 39
91 47
91 55
91 63
92 6
92 14
92 22
92 30
92 38
92 46
92 54
92 62
93 5
93 13
93 21
93 29
93 37
93 45
93 53
93 61
94 4
94 12
94 20
94 28
94 36
94 44
94 52
94 60
95 3
95 11
95 19
95 27
95 35
95 43
95 51
95 59
96 2
96 10
96 18
96 26
96 34
96 42
96 50
96 58
97 1
97 9
97 17
97 25
97 33
97 41
97 49
97 57
97 65
98 8
98 16
98 24
98 32
98 40
98 48
98 56
98 64
99 7
99 15
99 23
99 31
99 39
99 47
99 55
99 63
100 6
100 14
100 22
100 30
100 38
100 46
100 54
100 62
101 5
101 13
101 21
101 29
101 37
101 45
101 53
101 61
102 4
102 12
102 20
102 28
102 36
102 44
102 52
102 60
103 3
103 11
103 19
103 27
103 35
103 43
103 51
103 59
104 2
104 10
104 18
104 26
104 34
104 42
104 50
104 58
105 1
105 9
105 17
105 25
105 33
105 41
105 49
105 57
105 65
106 8
106 16
106 24
106 32
106 40
106 48
106 56
106 64
107 7
107 15
107 23
107 31
107 39
107 47
107 55
107 63
108 6
108 14
108 22
108 30
108 38
108 46
108 54
108 62
109 5
109 13
109 21
109 29
109 37
109 45
109 53
109 61
110 4
110 12
110 20
110 28
110 36
110 44
110 52
110 60
111 3
111 11
111 19
111 27
111 35
111 43
111 51
111 59
112 2
112 10
112 18
112 26
112 34
112 42
112 50
112 58
113 1
113 9
113 17
113 25
113 33
113 41
113 49
113 57
113 65
114 8
114 16
114 24
114 32
114 40
114 48
114 56
114 64
115 7
115 15
115 23
115 31
115 39
115 47
115 55
115 63
116 6
116 14
116 22
116 30
116 38
116 46
116 54
116 62
117 5
117 13
117 21
117 29
117 37
117 45
117 53
117 61
118 4
118 12
118 20
118 28
118 36
118 44
118 52
118 60
119 3
119 11
119 19
119 27
119 35
119 43
119 51
119 59
120 2
120 10
120 18
120 26
120 34
120 42
120 50
120 58
121 1
121 9
121 17
121 25
121 33
121 41
121 49
121 57
121 65
122 8
122 16
122 24
122 32
122 40
122 48
122 56
122 64
123 7
123 15
123 23
123 31
123 39
123 47
123 55
123 63
124 6
124 14
124 22
124 30
124 38
124 46
124 54
124 62
125 5
125 13
125 21
125 29
125 37
125 45
125 53
125 61
126 4
126 12
126 20
126 28
126 36
126 44
126 52
126 60
127 3
127 11
127 19
127 27
127 35
127 43
127 51
127 59
128 2
128 10
128 18
128 26
128 34
128 42
128 50
128 58
129 1
129 9
129 17
129 25
129 33
129 41
129 49
129 57
129 65
