32 25
22 10 20 23 5 1 2 3 4 7 6 9 8 11 12 13 14 15 16 18 17 19 24 21 25 
9 7 14 12 16 6 5 10 8 11 2 1 3 4 13 17 19 24 21 25 15 18 20 23 22 
13 24 18 4 1 9 12 15 14 16 5 17 19 21 25 3 2 22 23 20 6 7 8 11 10 
21 11 3 25 6 13 17 18 19 20 7 22 15 24 23 1 4 5 10 8 9 2 12 14 16 
8 2 17 19 15 22 21 24 25 23 10 14 18 16 20 6 7 9 11 12 1 3 4 5 13 
1 3 2 5 4 17 22 11 24 10 8 6 7 9 14 12 13 16 15 21 18 20 19 25 23 
7 8 9 10 11 21 18 23 13 6 3 2 1 5 15 14 20 25 19 4 12 16 22 24 17 
6 13 15 14 17 4 16 8 20 12 11 10 21 25 19 5 18 23 22 24 3 1 2 9 7 
12 16 19 18 20 5 7 14 3 25 4 23 22 13 24 8 1 2 17 9 11 6 10 15 21 
23 21 22 24 25 19 15 2 1 9 12 16 20 17 18 7 11 3 6 10 4 5 13 8 14 
2 1 4 6 7 8 9 5 10 21 14 15 12 18 3 11 22 17 13 16 24 25 23 19 20 
3 5 10 9 12 2 1 4 7 13 19 8 25 22 16 23 24 6 20 14 21 11 15 17 18 
11 14 8 13 18 3 6 20 12 15 1 21 24 23 17 9 25 19 2 5 7 22 16 10 4 
16 17 21 20 19 11 23 25 22 24 13 5 2 7 6 10 12 4 18 15 8 14 9 1 3 
15 23 25 22 24 14 19 16 17 18 9 11 10 20 4 21 8 1 3 7 5 13 6 2 12 
4 6 1 2 3 7 8 9 11 14 15 12 16 19 22 18 10 20 24 23 25 21 17 13 5 
5 9 7 11 10 12 3 17 15 19 23 25 4 1 21 22 6 14 8 13 16 24 18 20 2 
14 18 13 8 21 20 25 1 16 22 17 24 6 2 10 15 5 7 12 19 23 4 11 3 9 
19 25 12 15 23 18 24 13 2 5 20 3 11 8 7 4 16 21 9 17 22 10 14 6 1 
17 20 24 16 22 23 10 6 21 4 18 13 5 14 9 2 3 11 25 1 19 15 7 12 8 
10 4 5 1 2 16 13 7 9 17 24 18 23 15 11 25 21 12 14 6 20 8 3 22 19 
20 15 11 3 8 24 14 19 23 1 21 4 9 10 5 16 17 13 7 22 2 12 25 18 6 
24 12 23 7 13 25 11 22 6 8 16 20 14 3 1 19 9 18 5 2 10 17 21 4 15 
25 19 6 17 9 10 4 21 18 3 22 7 13 12 2 20 15 8 1 11 14 23 5 16 24 
18 22 16 21 14 15 20 12 5 2 25 19 17 6 8 24 23 10 4 3 13 9 1 7 11