obs_vary_threads
[[[1.55750e+02 8.19720e+03 1.76404e+03 2.87000e+02 2.55200e+04
   2.55200e+04]
  [1.83286e+02 1.46986e+04 2.97469e+03 4.06000e+02 5.93590e+04
   5.93590e+04]
  [1.54500e+02 2.42274e+04 4.96908e+03 2.82000e+02 1.01948e+05
   1.01948e+05]
  [1.60577e+02 1.00464e+04 1.75506e+03 2.58000e+02 3.23380e+04
   3.23380e+04]
  [1.92269e+02 6.82488e+04 1.11691e+04 4.38000e+02 3.20526e+05
   3.20526e+05]]

 [[1.77565e+02 1.99296e+04 2.92090e+03 3.76000e+02 1.15254e+05
   1.15254e+05]
  [1.59783e+02 9.37730e+03 1.47657e+03 5.99000e+02 2.53560e+04
   2.53560e+04]
  [1.59533e+02 1.34712e+04 2.06120e+03 2.70000e+02 5.76150e+04
   5.76150e+04]
  [1.51967e+02 1.44824e+04 2.17034e+03 3.35000e+02 8.51000e+04
   8.51000e+04]
  [1.61763e+02 1.33160e+04 2.06817e+03 3.55000e+02 6.07540e+04
   6.07540e+04]]

 [[1.43718e+02 1.15780e+04 1.81296e+03 2.55000e+02 5.50840e+04
   5.50840e+04]
  [1.66678e+02 1.40080e+04 2.17266e+03 3.64000e+02 7.40130e+04
   7.40130e+04]
  [1.57000e+02 1.46245e+04 2.28457e+03 3.04000e+02 9.30770e+04
   9.30770e+04]
  [1.52932e+02 8.52305e+03 1.36599e+03 3.41000e+02 3.18890e+04
   3.18890e+04]
  [1.52078e+02 1.63005e+04 2.54443e+03 5.85000e+02 1.16221e+05
   1.16221e+05]]

 [[1.66826e+02 1.45711e+04 1.83689e+03 5.16000e+02 8.10210e+04
   8.10210e+04]
  [1.50060e+02 1.93000e+04 2.39638e+03 3.77000e+02 1.43073e+05
   1.43073e+05]
  [1.56656e+02 1.44994e+04 1.81958e+03 5.12000e+02 7.75000e+04
   7.75000e+04]
  [1.42313e+02 1.13187e+04 1.54815e+03 5.91000e+02 7.07560e+04
   7.07560e+04]
  [1.45757e+02 1.49308e+04 1.99388e+03 6.08000e+02 1.26455e+05
   1.26455e+05]]]
wfs_vary_threads
[[[  20435.6   12145.2   18633.3  136149.    40641.   136149. ]
  [  10377.8    9045.2   10088.1   48535.    27643.    48535. ]
  [  19158.2   10008.    17078.6  100849.    26933.   100849. ]
  [  59995.3   13568.8   49902.6  370014.    49146.   370014. ]
  [  26551.8   15913.    24239.   214629.    57036.   214629. ]]

 [[  17376.6   13162.5   16791.3  251696.    50345.   251696. ]
  [  25053.    16019.6   23704.7  252179.    81834.   252179. ]
  [  54286.7   47156.    53395.3  946839.   168143.   946839. ]
  [  53073.5   63017.    54399.3  682640.   427111.   682640. ]
  [  49962.2   68597.1   52414.1  686332.   481795.   686332. ]]

 [[  35248.8   53681.9   37092.1  628230.   211260.   628230. ]
  [  44964.5   41969.2   44647.6  861225.   207925.   861225. ]
  [  35370.5  166217.    47832.1  629071.  1321857.  1321857. ]
  [  42012.2   52854.6   43171.9  691704.   286820.   691704. ]
  [  41634.    59993.9   43640.5  483661.   347446.   483661. ]]

 [[  38581.8   68872.3   41009.9  986774.   524230.   986774. ]
  [  35544.9   43663.9   36188.   878827.   226318.   878827. ]
  [  17637.2   32691.7   19197.3  298174.   266519.   298174. ]
  [  11468.    19339.2   12342.6  155165.   128689.   155165. ]
  [  11726.8   30175.4   13823.2  197262.   321812.   321812. ]]]
obs_vary_ratio
[[[1.88800e+02 3.47872e+04 1.74880e+04 2.41000e+02 2.76875e+05
   2.76875e+05]
  [1.99826e+02 1.56816e+04 7.40067e+03 7.34000e+02 1.54569e+05
   1.54569e+05]
  [1.78091e+02 1.25960e+04 6.09138e+03 2.84000e+02 8.25750e+04
   8.25750e+04]
  [1.84435e+02 1.98499e+04 9.33116e+03 3.65000e+02 1.65038e+05
   1.65038e+05]
  [5.60435e+02 6.64301e+04 3.11975e+04 8.01000e+02 4.03025e+05
   4.03025e+05]]

 [[2.02164e+02 2.61408e+04 7.11913e+03 7.73000e+02 1.45866e+05
   1.45866e+05]
  [1.60074e+02 1.25483e+04 3.50824e+03 2.87000e+02 6.71820e+04
   6.71820e+04]
  [1.58909e+02 2.07849e+04 5.65917e+03 2.90000e+02 2.01846e+05
   2.01846e+05]
  [1.52574e+02 1.23405e+04 3.44662e+03 4.03000e+02 7.56370e+04
   7.56370e+04]
  [1.47192e+02 1.67122e+04 4.74860e+03 2.58000e+02 1.92213e+05
   1.92213e+05]]

 [[1.38875e+02 1.08664e+04 1.76425e+03 2.50000e+02 5.40810e+04
   5.40810e+04]
  [1.39616e+02 9.99475e+03 1.63282e+03 3.95000e+02 4.45700e+04
   4.45700e+04]
  [1.42205e+02 9.54850e+03 1.56740e+03 2.09000e+02 5.41590e+04
   5.41590e+04]
  [1.39297e+02 9.78485e+03 1.53720e+03 2.50000e+02 4.36550e+04
   4.36550e+04]
  [1.39157e+02 1.18535e+04 1.87461e+03 2.51000e+02 7.44340e+04
   7.44340e+04]]

 [[1.39544e+02 1.28600e+04 1.47152e+03 2.81000e+02 6.58950e+04
   6.58950e+04]
  [1.53451e+02 1.04300e+04 1.27046e+03 3.80000e+02 5.59760e+04
   5.59760e+04]
  [1.46948e+02 1.18852e+04 1.36968e+03 4.73000e+02 6.21130e+04
   6.21130e+04]
  [1.42121e+02 1.90558e+04 2.01476e+03 3.55000e+02 1.41680e+05
   1.41680e+05]
  [5.16807e+02 5.78714e+04 6.22374e+03 1.09800e+03 3.26469e+05
   3.26469e+05]]

 [[5.30047e+02 3.88392e+04 2.45030e+03 1.59600e+03 2.09886e+05
   2.09886e+05]
  [3.51307e+02 3.41120e+04 2.67963e+03 1.09900e+03 2.15651e+05
   2.15651e+05]
  [3.77055e+02 3.12098e+04 2.37270e+03 1.00800e+03 1.97126e+05
   1.97126e+05]
  [1.69776e+02 1.20095e+04 1.05998e+03 8.46000e+02 8.15510e+04
   8.15510e+04]
  [1.60430e+02 1.49639e+04 1.34470e+03 5.82000e+02 7.74050e+04
   7.74050e+04]]

 [[1.49508e+02 1.31790e+04 9.41574e+02 4.67000e+02 6.13450e+04
   6.13450e+04]
  [1.73391e+02 1.51090e+04 1.05196e+03 6.22900e+03 6.37720e+04
   6.37720e+04]
  [1.41181e+02 4.08287e+04 2.14549e+03 4.96000e+02 6.05514e+05
   6.05514e+05]
  [1.46261e+02 1.03511e+04 7.64736e+02 4.31000e+02 5.52790e+04
   5.52790e+04]
  [1.54063e+02 1.42005e+04 1.02381e+03 4.93000e+02 6.40680e+04
   6.40680e+04]]]
wfs_vary_ratio
[[[  17005.5    12350.6    14788.9   156008.     57583.    156008.  ]
  [  24696.9    19308.6    22131.    134086.    210756.    210756.  ]
  [  17147.9    12766.2    15061.4   167864.     59491.    167864.  ]
  [   5785.76   14550.      7423.94  118436.     62911.    118436.  ]
  [  30605.6    11310.4    21417.4   184119.     50113.    184119.  ]]

 [[  13062.2    11745.1    12769.5   193712.     50500.    193712.  ]
  [  30275.6    46887.8    33410.    232480.    266437.    266437.  ]
  [  46067.     50742.9    46983.8  1333683.    256168.   1333683.  ]
  [  44854.1    47517.7    45409.    529427.    302102.    529427.  ]
  [  33373.7    43866.2    35411.    363091.    244948.    363091.  ]]

 [[  51747.2    56979.4    52233.9  1084716.    267975.   1084716.  ]
  [  35942.5    55231.2    37941.3   346360.    511897.    511897.  ]
  [  31456.2    41734.4    32489.2   526324.    210914.    526324.  ]
  [  42719.6    43297.2    42784.5   882657.    219980.    882657.  ]
  [  38450.9    64171.3    41373.6   906252.    683098.    906252.  ]]

 [[  35987.8    39350.4    36217.3  1182692.    232061.   1182692.  ]
  [  32538.4    44609.     33335.1   486282.    161580.    486282.  ]
  [  29492.8    39372.4    30178.9   734861.    275782.    734861.  ]
  [  16571.7    19170.4    16777.1   514347.     86766.    514347.  ]
  [  39578.2    28629.9    38833.4  1703202.    237904.   1703202.  ]]

 [[  16422.2    17720.7    16495.3   269049.     84643.    269049.  ]
  [  17728.6    29031.5    18395.4   223581.    264021.    264021.  ]
  [  19151.1    18992.6    19142.1   322933.     84579.    322933.  ]
  [  12499.7    14102.5    12598.3   243516.     62642.    243516.  ]
  [   9958.42   14245.4    10219.8   144074.    104794.    144074.  ]]

 [[  12104.8    14151.6    12203.9   314414.     79413.    314414.  ]
  [  10674.4    18838.6    11076.6   266059.    125707.    266059.  ]
  [  10503.6    16403.     10792.8   157356.    139968.    157356.  ]
  [  11462.9    14798.2    11624.    212240.     63170.    212240.  ]
  [  11740.1    26038.8    12388.6   215861.    159319.    215861.  ]]]