0.000000e+00 1.000000e+00 0.000000e+00 1.000000e+00 2.500000e+00
1.010101e-02 1.250703e-01 -1.048475e+00 1.013702e-01 2.026263e+00
2.020202e-02 2.851691e-01 -9.026494e-01 2.334042e-01 2.046191e+00
3.030303e-02 3.655748e-01 -7.216126e-01 3.040874e-01 2.079516e+00
4.040404e-02 4.289733e-01 -5.888601e-01 3.654148e-01 2.129589e+00
5.050505e-02 4.842624e-01 -4.799757e-01 4.225916e-01 2.181625e+00
6.060606e-02 5.344204e-01 -3.865938e-01 4.772623e-01 2.232616e+00
7.070707e-02 5.803141e-01 -3.052356e-01 5.295602e-01 2.281352e+00
8.080808e-02 6.219065e-01 -2.344915e-01 5.788361e-01 2.326861e+00
9.090909e-02 6.587468e-01 -1.739219e-01 6.240017e-01 2.368140e+00
1.010101e-01 6.902581e-01 -1.234827e-01 6.638048e-01 2.404191e+00
1.111111e-01 7.159752e-01 -8.313173e-02 6.971291e-01 2.434194e+00
1.212121e-01 7.357527e-01 -5.252123e-02 7.233072e-01 2.457712e+00
1.313131e-01 7.499035e-01 -3.079783e-02 7.423600e-01 2.474852e+00
1.414141e-01 7.592056e-01 -1.657256e-02 7.550500e-01 2.486316e+00
1.515152e-01 7.647566e-01 -8.091084e-03 7.626957e-01 2.493263e+00
1.616162e-01 7.677301e-01 -3.544040e-03 7.668186e-01 2.497032e+00
1.717172e-01 7.691453e-01 -1.377162e-03 7.687890e-01 2.498842e+00
1.818182e-01 7.697375e-01 -4.691865e-04 7.696157e-01 2.499605e+00
1.919192e-01 7.699531e-01 -1.383007e-04 7.699171e-01 2.499883e+00
2.020202e-01 7.700205e-01 -3.471169e-05 7.700115e-01 2.499971e+00
2.121212e-01 7.700384e-01 -7.267401e-06 7.700365e-01 2.499994e+00
2.222222e-01 7.700423e-01 -1.234245e-06 7.700420e-01 2.499999e+00
2.323232e-01 7.700430e-01 -1.632849e-07 7.700430e-01 2.500000e+00
2.424242e-01 7.700431e-01 -1.577495e-08 7.700431e-01 2.500000e+00
2.525253e-01 7.700431e-01 -7.744550e-10 7.700431e-01 2.500000e+00
2.626263e-01 7.700431e-01 3.821991e-09 7.700431e-01 2.500000e+00
2.727273e-01 7.700431e-01 4.422109e-08 7.700431e-01 2.500000e+00
2.828283e-01 7.700429e-01 3.683653e-07 7.700428e-01 2.500000e+00
2.929293e-01 7.700416e-01 2.376793e-06 7.700410e-01 2.499998e+00
3.030303e-01 7.700351e-01 1.237977e-05 7.700319e-01 2.499990e+00
3.131313e-01 7.700083e-01 5.356095e-05 7.699943e-01 2.499955e+00
3.232323e-01 7.699152e-01 1.965696e-04 7.698641e-01 2.499834e+00
3.333333e-01 7.696380e-01 6.219684e-04 7.694766e-01 2.499476e+00
3.434343e-01 7.689225e-01 1.719285e-03 7.684777e-01 2.498554e+00
3.535354e-01 7.673036e-01 4.199759e-03 7.662232e-01 2.496480e+00
3.636364e-01 7.640621e-01 9.162085e-03 7.617278e-01 2.492362e+00
3.737374e-01 7.582648e-01 1.803684e-02 7.537384e-01 2.485077e+00
3.838384e-01 7.489127e-01 3.237983e-02 7.409656e-01 2.473471e+00
3.939394e-01 7.351625e-01 5.357226e-02 7.224105e-01 2.456635e+00
4.040404e-01 7.165334e-01 8.254802e-02 6.976529e-01 2.434126e+00
4.141414e-01 6.930164e-01 1.196509e-01 6.669737e-01 2.406053e+00
4.242424e-01 6.650563e-01 1.646468e-01 6.312798e-01 2.373031e+00
4.343434e-01 6.334393e-01 2.168410e-01 5.918953e-01 2.336038e+00
4.444444e-01 5.991474e-01 2.752266e-01 5.503196e-01 2.296261e+00
4.545455e-01 5.632283e-01 3.386057e-01 5.080302e-01 2.254992e+00
4.646465e-01 5.267032e-01 4.056561e-01 4.663591e-01 2.213576e+00
4.747475e-01 4.905119e-01 4.749434e-01 4.264389e-01 2.173438e+00
4.848485e-01 4.554812e-01 5.448934e-01 3.891954e-01 2.136177e+00
4.949495e-01 4.223032e-01 6.137471e-01 3.553631e-01 2.103720e+00
5.050505e-01 3.915081e-01 6.795360e-01 3.255031e-01 2.078521e+00
5.151515e-01 3.634271e-01 7.401280e-01 3.000093e-01 2.063752e+00
5.252525e-01 3.381542e-01 7.933995e-01 2.790935e-01 2.063359e+00
5.353535e-01 3.155304e-01 8.375575e-01 2.627475e-01 2.081792e+00
5.454545e-01 2.951908e-01 8.715369e-01 2.506982e-01 2.123188e+00
5.555556e-01 2.766907e-01 8.952601e-01 2.423748e-01 2.189944e+00
5.656566e-01 2.596552e-01 9.094278e-01 2.368921e-01 2.280834e+00
5.757576e-01 2.437916e-01 9.143883e-01 2.329626e-01 2.388953e+00
5.858586e-01 2.285457e-01 9.073819e-01 2.285064e-01 2.499570e+00
5.959596e-01 2.124588e-01 8.781253e-01 2.199586e-01 2.588250e+00
6.060606e-01 1.932080e-01 8.072534e-01 2.026976e-01 2.622791e+00
6.161616e-01 1.696662e-01 6.765820e-01 1.747542e-01 2.574972e+00
6.262626e-01 1.444657e-01 4.911344e-01 1.411336e-01 2.442337e+00
6.363636e-01 1.229115e-01 2.934559e-01 1.115375e-01 2.268654e+00
6.464646e-01 1.085685e-01 1.405534e-01 9.230027e-02 2.125392e+00
6.565657e-01 1.010580e-01 5.487674e-02 8.272925e-02 2.046578e+00
6.666667e-01 9.786524e-02 1.816408e-02 7.886756e-02 2.014698e+00
6.767677e-01 9.672473e-02 5.233690e-03 7.753835e-02 2.004098e+00
6.868687e-01 9.637447e-02 1.318209e-03 7.713864e-02 2.001013e+00
6.969697e-01 9.628141e-02 2.869792e-04 7.703355e-02 2.000219e+00
7.070707e-01 9.626020e-02 5.288535e-05 7.700970e-02 2.000040e+00
7.171717e-01 9.625612e-02 8.008342e-06 7.700513e-02 2.000006e+00
7.272727e-01 9.625548e-02 9.551356e-07 7.700441e-02 2.000001e+00
7.373737e-01 9.625540e-02 8.400651e-08 7.700432e-02 2.000000e+00
7.474747e-01 9.625539e-02 4.838245e-09 7.700432e-02 2.000000e+00
7.575758e-01 9.625539e-02 1.317419e-10 7.700431e-02 2.000000e+00
7.676768e-01 9.625539e-02 -9.110020e-11 7.700431e-02 2.000000e+00
7.777778e-01 9.625539e-02 -1.079835e-09 7.700431e-02 2.000000e+00
7.878788e-01 9.625539e-02 -9.402694e-09 7.700432e-02 2.000000e+00
7.979798e-01 9.625540e-02 -6.415735e-08 7.700432e-02 2.000000e+00
8.080808e-01 9.625543e-02 -3.573692e-07 7.700435e-02 2.000000e+00
8.181818e-01 9.625555e-02 -1.671808e-06 7.700448e-02 2.000001e+00
8.282828e-01 9.625600e-02 -6.707205e-06 7.700500e-02 2.000005e+00
8.383838e-01 9.625753e-02 -2.345352e-05 7.700670e-02 2.000018e+00
8.484848e-01 9.626199e-02 -7.241449e-05 7.701169e-02 2.000055e+00
8.585859e-01 9.627359e-02 -1.995576e-04 7.702464e-02 2.000150e+00
8.686869e-01 9.630064e-02 -4.953519e-04 7.705479e-02 2.000370e+00
8.787879e-01 9.635765e-02 -1.116408e-03 7.711810e-02 2.000830e+00
8.888889e-01 9.646704e-02 -2.300716e-03 7.723893e-02 2.001692e+00
8.989899e-01 9.665965e-02 -4.363165e-03 7.744972e-02 2.003155e+00
9.090909e-01 9.697323e-02 -7.659294e-03 7.778754e-02 2.005387e+00
9.191919e-01 9.744967e-02 -1.251510e-02 7.828754e-02 2.008410e+00
9.292929e-01 9.813279e-02 -1.913662e-02 7.897472e-02 2.011935e+00
9.393939e-01 9.907017e-02 -2.752294e-02 7.985800e-02 2.015188e+00
9.494949e-01 1.003231e-01 -3.738715e-02 8.093325e-02 2.016815e+00
9.595960e-01 1.019923e-01 -4.800778e-02 8.220770e-02 2.015047e+00
9.696970e-01 1.042823e-01 -5.773455e-02 8.377642e-02 2.008405e+00
9.797980e-01 1.076761e-01 -6.247216e-02 8.603167e-02 1.997465e+00
9.898990e-01 1.134259e-01 -5.176631e-02 9.021909e-02 1.988503e+00
1.000000e+00 1.250000e-01 0.000000e+00 1.000000e-01 2.000000e+00
