0.000000e+00 1.000000e+00 0.000000e+00 1.000000e+00 2.500000e+00
1.010101e-02 1.060272e-01 -1.108020e+00 8.242056e-02 1.943383e+00
2.020202e-02 2.350843e-01 -9.734558e-01 1.845651e-01 1.962754e+00
3.030303e-02 2.946483e-01 -8.098945e-01 2.351709e-01 1.995353e+00
4.040404e-02 3.391382e-01 -6.930903e-01 2.770028e-01 2.041961e+00
5.050505e-02 3.768652e-01 -5.983977e-01 3.149269e-01 2.089121e+00
6.060606e-02 4.109192e-01 -5.168684e-01 3.508762e-01 2.134703e+00
7.070707e-02 4.426002e-01 -4.443745e-01 3.856625e-01 2.178391e+00
8.080808e-02 4.724605e-01 -3.788384e-01 4.195724e-01 2.220145e+00
9.090909e-02 5.006811e-01 -3.192021e-01 4.525909e-01 2.259876e+00
1.010101e-01 5.272317e-01 -2.649700e-01 4.845022e-01 2.297388e+00
1.111111e-01 5.519537e-01 -2.159748e-01 5.149479e-01 2.332387e+00
1.212121e-01 5.746142e-01 -1.722366e-01 5.434747e-01 2.364520e+00
1.313131e-01 5.949520e-01 -1.338614e-01 5.695863e-01 2.393413e+00
1.414141e-01 6.127253e-01 -1.009536e-01 5.928061e-01 2.418727e+00
1.515152e-01 6.277606e-01 -7.353613e-02 6.127487e-01 2.440216e+00
1.616162e-01 6.399979e-01 -5.148062e-02 6.291911e-01 2.457786e+00
1.717172e-01 6.495213e-01 -3.446114e-02 6.421252e-01 2.471532e+00
1.818182e-01 6.565649e-01 -2.194463e-02 6.517746e-01 2.481760e+00
1.919192e-01 6.614873e-01 -1.322710e-02 6.585638e-01 2.488951e+00
2.020202e-01 6.647205e-01 -7.510363e-03 6.630458e-01 2.493702e+00
2.121212e-01 6.667068e-01 -3.998146e-03 6.658093e-01 2.496635e+00
2.222222e-01 6.678416e-01 -1.982753e-03 6.673920e-01 2.498317e+00
2.323232e-01 6.684373e-01 -8.976851e-04 6.682241e-01 2.499203e+00
2.424242e-01 6.687090e-01 -3.262100e-04 6.686041e-01 2.499608e+00
2.525253e-01 6.687781e-01 2.898715e-05 6.687007e-01 2.499711e+00
2.626263e-01 6.686801e-01 4.013999e-04 6.685636e-01 2.499565e+00
2.727273e-01 6.683694e-01 1.026723e-03 6.681292e-01 2.499101e+00
2.828283e-01 6.677171e-01 2.206156e-03 6.672180e-01 2.498131e+00
2.929293e-01 6.665064e-01 4.354233e-03 6.655293e-01 2.496335e+00
3.030303e-01 6.644352e-01 8.017989e-03 6.626473e-01 2.493273e+00
3.131313e-01 6.611355e-01 1.385718e-02 6.580719e-01 2.488416e+00
3.232323e-01 6.562132e-01 2.258482e-02 6.512798e-01 2.481205e+00
3.333333e-01 6.493040e-01 3.488125e-02 6.418067e-01 2.471133e+00
3.434343e-01 6.401298e-01 5.130546e-02 6.293295e-01 2.457820e+00
3.535354e-01 6.285424e-01 7.222843e-02 6.137251e-01 2.441065e+00
3.636364e-01 6.145413e-01 9.780311e-02 5.950893e-01 2.420868e+00
3.737374e-01 5.982662e-01 1.279717e-01 5.737166e-01 2.397413e+00
3.838384e-01 5.799700e-01 1.624995e-01 5.500511e-01 2.371033e+00
3.939394e-01 5.599821e-01 2.010211e-01 5.246270e-01 2.342160e+00
4.040404e-01 5.386729e-01 2.430851e-01 4.980113e-01 2.311288e+00
4.141414e-01 5.164241e-01 2.881897e-01 4.707595e-01 2.278938e+00
4.242424e-01 4.936079e-01 3.358060e-01 4.433859e-01 2.245639e+00
4.343434e-01 4.705747e-01 3.853879e-01 4.163488e-01 2.211916e+00
4.444444e-01 4.476473e-01 4.363728e-01 3.900445e-01 2.178303e+00
4.545455e-01 4.251186e-01 4.881721e-01 3.648106e-01 2.145346e+00
4.646465e-01 4.032523e-01 5.401582e-01 3.409313e-01 2.113635e+00
4.747475e-01 3.822824e-01 5.916486e-01 3.186450e-01 2.083832e+00
4.848485e-01 3.624111e-01 6.418934e-01 2.981509e-01 2.056718e+00
4.949495e-01 3.438025e-01 6.900715e-01 2.796129e-01 2.033238e+00
5.050505e-01 3.265721e-01 7.353058e-01 2.631597e-01 2.014560e+00
5.151515e-01 3.107716e-01 7.767043e-01 2.488802e-01 2.002115e+00
5.252525e-01 2.963724e-01 8.134362e-01 2.368140e-01 1.997605e+00
5.353535e-01 2.832543e-01 8.448367e-01 2.269388e-01 2.002960e+00
5.454545e-01 2.712087e-01 8.705223e-01 2.191574e-01 2.020192e+00
5.555556e-01 2.599662e-01 8.904802e-01 2.132922e-01 2.051154e+00
5.656566e-01 2.492501e-01 9.050907e-01 2.090900e-01 2.097191e+00
5.757576e-01 2.388475e-01 9.150632e-01 2.062418e-01 2.158718e+00
5.858586e-01 2.286715e-01 9.212899e-01 2.044131e-01 2.234789e+00
5.959596e-01 2.187877e-01 9.246480e-01 2.032728e-01 2.322717e+00
6.060606e-01 2.093792e-01 9.257539e-01 2.024999e-01 2.417861e+00
6.161616e-01 2.006379e-01 9.245766e-01 2.017325e-01 2.513639e+00
6.262626e-01 1.925658e-01 9.196170e-01 2.003927e-01 2.601613e+00
6.363636e-01 1.846741e-01 9.062025e-01 1.973162e-01 2.671140e+00
6.464646e-01 1.756948e-01 8.741930e-01 1.903465e-01 2.708483e+00
6.565657e-01 1.638126e-01 8.080667e-01 1.767457e-01 2.697377e+00
6.666667e-01 1.479927e-01 6.940481e-01 1.553737e-01 2.624685e+00
6.767677e-01 1.296192e-01 5.338420e-01 1.292013e-01 2.491940e+00
6.868687e-01 1.122411e-01 3.546695e-01 1.044863e-01 2.327273e+00
6.969697e-01 9.906220e-02 1.992771e-01 8.635849e-02 2.179401e+00
7.070707e-01 9.093304e-02 9.550244e-02 7.573965e-02 2.082292e+00
7.171717e-01 8.672420e-02 4.032041e-02 7.053001e-02 2.033170e+00
7.272727e-01 8.482517e-02 1.549575e-02 6.827733e-02 2.012296e+00
7.373737e-01 8.405396e-02 5.524672e-03 6.738723e-02 2.004285e+00
7.474747e-01 8.376626e-02 1.837294e-03 6.706023e-02 2.001409e+00
7.575758e-01 8.366696e-02 5.649995e-04 6.694825e-02 2.000439e+00
7.676768e-01 8.363576e-02 1.480729e-04 6.691320e-02 2.000137e+00
7.777778e-01 8.362824e-02 1.773149e-06 6.690476e-02 2.000065e+00
7.878788e-01 8.363019e-02 -8.901661e-05 6.690694e-02 2.000083e+00
7.979798e-01 8.363917e-02 -2.191773e-04 6.691699e-02 2.000169e+00
8.080808e-01 8.365807e-02 -4.620287e-04 6.693816e-02 2.000350e+00
8.181818e-01 8.369342e-02 -9.096623e-04 6.697773e-02 2.000687e+00
8.282828e-01 8.375528e-02 -1.690941e-03 6.704694e-02 2.001275e+00
8.383838e-01 8.385738e-02 -2.978056e-03 6.716111e-02 2.002242e+00
8.484848e-01 8.401689e-02 -4.982533e-03 6.733922e-02 2.003741e+00
8.585859e-01 8.425341e-02 -7.938919e-03 6.760259e-02 2.005930e+00
8.686869e-01 8.458735e-02 -1.207590e-02 6.797252e-02 2.008945e+00
8.787879e-01 8.503801e-02 -1.757846e-02 6.846711e-02 2.012838e+00
8.888889e-01 8.562211e-02 -2.454930e-02 6.909791e-02 2.017525e+00
8.989899e-01 8.635385e-02 -3.298036e-02 6.986736e-02 2.022706e+00
9.090909e-01 8.724697e-02 -4.274385e-02 7.076791e-02 2.027804e+00
9.191919e-01 8.831919e-02 -5.360434e-02 7.178353e-02 2.031935e+00
9.292929e-01 8.959846e-02 -6.524000e-02 7.289431e-02 2.033916e+00
9.393939e-01 9.113121e-02 -7.723933e-02 7.408571e-02 2.032391e+00
9.494949e-01 9.299587e-02 -8.900243e-02 7.536741e-02 2.026096e+00
9.595960e-01 9.533431e-02 -9.940132e-02 7.681632e-02 2.014393e+00
9.696970e-01 9.843520e-02 -1.059111e-01 7.867894e-02 1.998242e+00
9.797980e-01 1.029505e-01 -1.026819e-01 8.161428e-02 1.981882e+00
9.898990e-01 1.104511e-01 -7.665194e-02 8.728369e-02 1.975619e+00
1.000000e+00 1.250000e-01 0.000000e+00 1.000000e-01 2.000000e+00
