0.000000e+00 1.000000e+00 0.000000e+00 1.000000e+00 2.500000e+00
1.010101e-02 1.072340e-01 -1.104842e+00 8.355701e-02 1.948006e+00
2.020202e-02 2.381034e-01 -9.696696e-01 1.873794e-01 1.967416e+00
3.030303e-02 2.987912e-01 -8.051690e-01 2.390417e-01 2.000073e+00
4.040404e-02 3.442713e-01 -6.874867e-01 2.818737e-01 2.046886e+00
5.050505e-02 3.829182e-01 -5.919793e-01 3.207832e-01 2.094332e+00
6.060606e-02 4.178373e-01 -5.097187e-01 3.577094e-01 2.140243e+00
7.070707e-02 4.503241e-01 -4.365998e-01 3.934516e-01 2.184269e+00
8.080808e-02 4.809166e-01 -3.705706e-01 4.282727e-01 2.226335e+00
9.090909e-02 5.097749e-01 -3.106003e-01 4.621245e-01 2.266316e+00
1.010101e-01 5.368448e-01 -2.562206e-01 4.947516e-01 2.303979e+00
1.111111e-01 5.619431e-01 -2.072884e-01 5.257531e-01 2.338996e+00
1.212121e-01 5.848154e-01 -1.638413e-01 5.546352e-01 2.370984e+00
1.313131e-01 6.051874e-01 -1.259903e-01 5.808715e-01 2.399552e+00
1.414141e-01 6.228175e-01 -9.382582e-02 6.039733e-01 2.424359e+00
1.515152e-01 6.375502e-01 -6.733321e-02 6.235698e-01 2.445179e+00
1.616162e-01 6.493626e-01 -4.632213e-02 6.394820e-01 2.461960e+00
1.717172e-01 6.583909e-01 -3.038568e-02 6.517713e-01 2.474865e+00
1.818182e-01 6.649278e-01 -1.890377e-02 6.607436e-01 2.484268e+00
1.919192e-01 6.693852e-01 -1.109637e-02 6.669007e-01 2.490721e+00
2.020202e-01 6.722322e-01 -6.115602e-03 6.708521e-01 2.494867e+00
2.121212e-01 6.739274e-01 -3.149681e-03 6.732126e-01 2.497348e+00
2.222222e-01 6.748635e-01 -1.506977e-03 6.745189e-01 2.498723e+00
2.323232e-01 6.753379e-01 -6.585280e-04 6.751819e-01 2.499422e+00
2.424242e-01 6.755483e-01 -2.349027e-04 6.754761e-01 2.499733e+00
2.525253e-01 6.756034e-01 1.195975e-05 6.755532e-01 2.499814e+00
2.626263e-01 6.755359e-01 2.663397e-04 6.754587e-01 2.499714e+00
2.727273e-01 6.753088e-01 7.130273e-04 6.751411e-01 2.499379e+00
2.828283e-01 6.748113e-01 1.599605e-03 6.744458e-01 2.498646e+00
2.929293e-01 6.738489e-01 3.288168e-03 6.731025e-01 2.497231e+00
3.030303e-01 6.721369e-01 6.284681e-03 6.707179e-01 2.494722e+00
3.131313e-01 6.693105e-01 1.123279e-02 6.667933e-01 2.490598e+00
3.232323e-01 6.649573e-01 1.886517e-02 6.607752e-01 2.484277e+00
3.333333e-01 6.586713e-01 2.991936e-02 6.521365e-01 2.475197e+00
3.434343e-01 6.501162e-01 4.504001e-02 6.404691e-01 2.462902e+00
3.535354e-01 6.390799e-01 6.469528e-02 6.255595e-01 2.447110e+00
3.636364e-01 6.255049e-01 8.912888e-02 6.074272e-01 2.427747e+00
3.737374e-01 6.094903e-01 1.183540e-01 5.863168e-01 2.404947e+00
3.838384e-01 5.912681e-01 1.521815e-01 5.626539e-01 2.379013e+00
3.939394e-01 5.711662e-01 1.902665e-01 5.369817e-01 2.350374e+00
4.040404e-01 5.495682e-01 2.321580e-01 5.098972e-01 2.319535e+00
4.141414e-01 5.268789e-01 2.773406e-01 4.819974e-01 2.287041e+00
4.242424e-01 5.034987e-01 3.252635e-01 4.538430e-01 2.253447e+00
4.343434e-01 4.798074e-01 3.753546e-01 4.259370e-01 2.219312e+00
4.444444e-01 4.561565e-01 4.270237e-01 3.987169e-01 2.185198e+00
4.545455e-01 4.328654e-01 4.796542e-01 3.725555e-01 2.151682e+00
4.646465e-01 4.102219e-01 5.325896e-01 3.477665e-01 2.119381e+00
4.747475e-01 3.884809e-01 5.851171e-01 3.246126e-01 2.088987e+00
4.848485e-01 3.678629e-01 6.364529e-01 3.033123e-01 2.061313e+00
4.949495e-01 3.485473e-01 6.857374e-01 2.840451e-01 2.037350e+00
5.050505e-01 3.306612e-01 7.320491e-01 2.669517e-01 2.018318e+00
5.151515e-01 3.142637e-01 7.744471e-01 2.521299e-01 2.005719e+00
5.252525e-01 2.993283e-01 8.120513e-01 2.396241e-01 2.001349e+00
5.353535e-01 2.857311e-01 8.441545e-01 2.294121e-01 2.007238e+00
5.454545e-01 2.732553e-01 8.703469e-01 2.213914e-01 2.025499e+00
5.555556e-01 2.616214e-01 8.906127e-01 2.153724e-01 2.058054e+00
5.656566e-01 2.505461e-01 9.053542e-01 2.110845e-01 2.106244e+00
5.757576e-01 2.398179e-01 9.153188e-01 2.081975e-01 2.170370e+00
5.858586e-01 2.293611e-01 9.214366e-01 2.063538e-01 2.249224e+00
5.959596e-01 2.192565e-01 9.245945e-01 2.051971e-01 2.339693e+00
6.060606e-01 2.096920e-01 9.253359e-01 2.043706e-01 2.436556e+00
6.161616e-01 2.008260e-01 9.233446e-01 2.034361e-01 2.532492e+00
6.262626e-01 1.925428e-01 9.163343e-01 2.016348e-01 2.618052e+00
6.363636e-01 1.841096e-01 8.979552e-01 1.974455e-01 2.681086e+00
6.464646e-01 1.739731e-01 8.557548e-01 1.883123e-01 2.706055e+00
6.565657e-01 1.603571e-01 7.733207e-01 1.716570e-01 2.676168e+00
6.666667e-01 1.429500e-01 6.405217e-01 1.476130e-01 2.581550e+00
6.767677e-01 1.241480e-01 4.679529e-01 1.207915e-01 2.432408e+00
6.868687e-01 1.077898e-01 2.916549e-01 9.776609e-02 2.267516e+00
6.969697e-01 9.636632e-02 1.532745e-01 8.233543e-02 2.136001e+00
7.070707e-01 8.982344e-02 6.925877e-02 7.396538e-02 2.058632e+00
7.171717e-01 8.664032e-02 2.787973e-02 7.009523e-02 2.022593e+00
7.272727e-01 8.527566e-02 1.028524e-02 6.849609e-02 2.008079e+00
7.373737e-01 8.474537e-02 3.524141e-03 6.788839e-02 2.002717e+00
7.474747e-01 8.455565e-02 1.123493e-03 6.767358e-02 2.000859e+00
7.575758e-01 8.449296e-02 3.295250e-04 6.760301e-02 2.000256e+00
7.676768e-01 8.447422e-02 8.069539e-05 6.758197e-02 2.000077e+00
7.777778e-01 8.447016e-02 -4.831634e-06 6.757741e-02 2.000038e+00
7.878788e-01 8.447201e-02 -6.328431e-05 6.757949e-02 2.000056e+00
7.979798e-01 8.447885e-02 -1.571850e-04 6.758715e-02 2.000120e+00
8.080808e-01 8.449349e-02 -3.421867e-04 6.760353e-02 2.000259e+00
8.181818e-01 8.452171e-02 -6.957930e-04 6.763513e-02 2.000525e+00
8.282828e-01 8.457263e-02 -1.332513e-03 6.769210e-02 2.001005e+00
8.383838e-01 8.465906e-02 -2.411621e-03 6.778874e-02 2.001816e+00
8.484848e-01 8.479758e-02 -4.136336e-03 6.794342e-02 2.003106e+00
8.585859e-01 8.500782e-02 -6.741296e-03 6.817757e-02 2.005038e+00
8.686869e-01 8.531091e-02 -1.046658e-02 6.851355e-02 2.007761e+00
8.787879e-01 8.572759e-02 -1.552047e-02 6.897149e-02 2.011356e+00
8.888889e-01 8.627643e-02 -2.203812e-02 6.956575e-02 2.015781e+00
8.989899e-01 8.697336e-02 -3.004724e-02 7.030186e-02 2.020787e+00
9.090909e-01 8.783326e-02 -3.945172e-02 7.117497e-02 2.025855e+00
9.191919e-01 8.887404e-02 -5.003764e-02 7.217075e-02 2.030141e+00
9.292929e-01 9.012286e-02 -6.149243e-02 7.326959e-02 2.032492e+00
9.393939e-01 9.162471e-02 -7.340568e-02 7.445551e-02 2.031535e+00
9.494949e-01 9.345608e-02 -8.518129e-02 7.573475e-02 2.025945e+00
9.595960e-01 9.575601e-02 -9.571525e-02 7.717803e-02 2.014966e+00
9.696970e-01 9.880775e-02 -1.025477e-01 7.902159e-02 1.999377e+00
9.797980e-01 1.032525e-01 -9.994788e-02 8.190841e-02 1.983207e+00
9.898990e-01 1.106414e-01 -7.500558e-02 8.747634e-02 1.976573e+00
1.000000e+00 1.250000e-01 0.000000e+00 1.000000e-01 2.000000e+00
