0.000000e+00 1.000000e+00 0.000000e+00 1.000000e+00 2.500000e+00
1.010101e-02 1.299688e-01 -1.029286e+00 1.066325e-01 2.051117e+00
2.020202e-02 2.991491e-01 -8.799146e-01 2.478346e-01 2.071163e+00
3.030303e-02 3.862731e-01 -6.933381e-01 3.251778e-01 2.104585e+00
4.040404e-02 4.559149e-01 -5.557563e-01 3.931147e-01 2.155636e+00
5.050505e-02 5.168862e-01 -4.429272e-01 4.567266e-01 2.209029e+00
6.060606e-02 5.719224e-01 -3.467839e-01 5.173283e-01 2.261357e+00
7.070707e-02 6.215718e-01 -2.641564e-01 5.745774e-01 2.310986e+00
8.080808e-02 6.654755e-01 -1.939088e-01 6.272813e-01 2.356515e+00
9.090909e-02 7.029424e-01 -1.357628e-01 6.738635e-01 2.396581e+00
1.010101e-01 7.333435e-01 -8.962045e-02 7.128114e-01 2.430005e+00
1.111111e-01 7.564422e-01 -5.507196e-02 7.431504e-01 2.456071e+00
1.212121e-01 7.726202e-01 -3.107119e-02 7.648271e-01 2.474784e+00
1.313131e-01 7.829029e-01 -1.586399e-02 7.788159e-01 2.486949e+00
1.414141e-01 7.887452e-01 -7.222490e-03 7.868517e-01 2.493998e+00
1.515152e-01 7.916702e-01 -2.888508e-03 7.909048e-01 2.497583e+00
1.616162e-01 7.929428e-01 -9.989902e-04 7.926765e-01 2.499160e+00
1.717172e-01 7.934171e-01 -2.935853e-04 7.933386e-01 2.499753e+00
1.818182e-01 7.935661e-01 -7.176633e-05 7.935469e-01 2.499939e+00
1.919192e-01 7.936048e-01 -1.418537e-05 7.936010e-01 2.499988e+00
2.020202e-01 7.936128e-01 -2.176985e-06 7.936122e-01 2.499998e+00
2.121212e-01 7.936141e-01 -2.432689e-07 7.936141e-01 2.500000e+00
2.222222e-01 7.936143e-01 -1.760173e-08 7.936143e-01 2.500000e+00
2.323232e-01 7.936143e-01 -6.187415e-10 7.936143e-01 2.500000e+00
2.424242e-01 7.936143e-01 0.000000e+00 7.936143e-01 2.500000e+00
2.525253e-01 7.936143e-01 0.000000e+00 7.936143e-01 2.500000e+00
2.626263e-01 7.936143e-01 0.000000e+00 7.936143e-01 2.500000e+00
2.727273e-01 7.936143e-01 8.363081e-11 7.936143e-01 2.500000e+00
2.828283e-01 7.936143e-01 2.792131e-09 7.936143e-01 2.500000e+00
2.929293e-01 7.936143e-01 4.474550e-08 7.936142e-01 2.500000e+00
3.030303e-01 7.936140e-01 4.597518e-07 7.936139e-01 2.500000e+00
3.131313e-01 7.936120e-01 3.411514e-06 7.936111e-01 2.499997e+00
3.232323e-01 7.936012e-01 1.951781e-05 7.935960e-01 2.499984e+00
3.333333e-01 7.935541e-01 8.974245e-05 7.935300e-01 2.499924e+00
3.434343e-01 7.933851e-01 3.413184e-04 7.932938e-01 2.499712e+00
3.535354e-01 7.928772e-01 1.097067e-03 7.925845e-01 2.499077e+00
3.636364e-01 7.915755e-01 3.031459e-03 7.907711e-01 2.497459e+00
3.737374e-01 7.886933e-01 7.308293e-03 7.867723e-01 2.493911e+00
3.838384e-01 7.831110e-01 1.558362e-02 7.790780e-01 2.487125e+00
3.939394e-01 7.735367e-01 2.978682e-02 7.660079e-01 2.475668e+00
4.040404e-01 7.588081e-01 5.172142e-02 7.461645e-01 2.458344e+00
4.141414e-01 7.382134e-01 8.265693e-02 7.188845e-01 2.434542e+00
4.242424e-01 7.116824e-01 1.230907e-01 6.844638e-01 2.404386e+00
4.343434e-01 6.797823e-01 1.727418e-01 6.440740e-01 2.368677e+00
4.444444e-01 6.435592e-01 2.307097e-01 5.994610e-01 2.328694e+00
4.545455e-01 6.043238e-01 2.956788e-01 5.525903e-01 2.285986e+00
4.646465e-01 5.634622e-01 3.660779e-01 5.053652e-01 2.242232e+00
4.747475e-01 5.223043e-01 4.401555e-01 4.594630e-01 2.199212e+00
4.848485e-01 4.820449e-01 5.159766e-01 4.162725e-01 2.158889e+00
4.949495e-01 4.436958e-01 5.913704e-01 3.768940e-01 2.123606e+00
5.050505e-01 4.080428e-01 6.638833e-01 3.421619e-01 2.096360e+00
5.151515e-01 3.755963e-01 7.308137e-01 3.126587e-01 2.081082e+00
5.252525e-01 3.465417e-01 7.894235e-01 2.886998e-01 2.082721e+00
5.353535e-01 3.207259e-01 8.373717e-01 2.702835e-01 2.106811e+00
5.454545e-01 2.977301e-01 8.732491e-01 2.570186e-01 2.158151e+00
5.555556e-01 2.770270e-01 8.967991e-01 2.480458e-01 2.238463e+00
5.656566e-01 2.580735e-01 9.080541e-01 2.418919e-01 2.343246e+00
5.757576e-01 2.400354e-01 9.042554e-01 2.360138e-01 2.458115e+00
5.858586e-01 2.211250e-01 8.744289e-01 2.260376e-01 2.555541e+00
5.959596e-01 1.987710e-01 7.975032e-01 2.064939e-01 2.597134e+00
6.060606e-01 1.721653e-01 6.550561e-01 1.755436e-01 2.549056e+00
6.161616e-01 1.449093e-01 4.573196e-01 1.396839e-01 2.409851e+00
6.262626e-01 1.229351e-01 2.565638e-01 1.098491e-01 2.233884e+00
6.363636e-01 1.093371e-01 1.128563e-01 9.183563e-02 2.099829e+00
6.464646e-01 1.027973e-01 3.984165e-02 8.361319e-02 2.033447e+00
6.565657e-01 1.002766e-01 1.173709e-02 8.059866e-02 2.009408e+00
6.666667e-01 9.947387e-02 2.937419e-03 7.967005e-02 2.002286e+00
6.767677e-01 9.925955e-02 6.196895e-04 7.942649e-02 2.000475e+00
6.868687e-01 9.921183e-02 1.073870e-04 7.937270e-02 2.000082e+00
6.969697e-01 9.920316e-02 1.465807e-05 7.936297e-02 2.000011e+00
7.070707e-01 9.920192e-02 1.474916e-06 7.936158e-02 2.000001e+00
7.171717e-01 9.920179e-02 9.709823e-08 7.936144e-02 2.000000e+00
7.272727e-01 9.920179e-02 3.133011e-09 7.936143e-02 2.000000e+00
7.373737e-01 9.920179e-02 0.000000e+00 7.936143e-02 2.000000e+00
7.474747e-01 9.920179e-02 0.000000e+00 7.936143e-02 2.000000e+00
7.575758e-01 9.920179e-02 0.000000e+00 7.936143e-02 2.000000e+00
7.676768e-01 9.920179e-02 0.000000e+00 7.936143e-02 2.000000e+00
7.777778e-01 9.920179e-02 -2.169177e-12 7.936143e-02 2.000000e+00
7.878788e-01 9.920179e-02 -7.242700e-11 7.936143e-02 2.000000e+00
7.979798e-01 9.920179e-02 -1.181728e-09 7.936143e-02 2.000000e+00
8.080808e-01 9.920179e-02 -1.256136e-08 7.936143e-02 2.000000e+00
8.181818e-01 9.920179e-02 -9.786113e-08 7.936144e-02 2.000000e+00
8.282828e-01 9.920184e-02 -5.960979e-07 7.936149e-02 2.000000e+00
8.383838e-01 9.920206e-02 -2.957954e-06 7.936174e-02 2.000002e+00
8.484848e-01 9.920294e-02 -1.230357e-05 7.936272e-02 2.000009e+00
8.585859e-01 9.920590e-02 -4.381548e-05 7.936603e-02 2.000033e+00
8.686869e-01 9.921456e-02 -1.358107e-04 7.937569e-02 2.000102e+00
8.787879e-01 9.923680e-02 -3.713142e-04 7.940042e-02 2.000277e+00
8.888889e-01 9.928748e-02 -9.055077e-04 7.945653e-02 2.000669e+00
8.989899e-01 9.939107e-02 -1.988575e-03 7.957039e-02 2.001447e+00
9.090909e-01 9.958289e-02 -3.965925e-03 7.977859e-02 2.002819e+00
9.191919e-01 9.990794e-02 -7.237481e-03 8.012408e-02 2.004948e+00
9.292929e-01 1.004181e-01 -1.217028e-02 8.064784e-02 2.007802e+00
9.393939e-01 1.011703e-01 -1.897960e-02 8.137879e-02 2.010936e+00
9.494949e-01 1.022317e-01 -2.760064e-02 8.232871e-02 2.013287e+00
9.595960e-01 1.037004e-01 -3.751796e-02 8.350611e-02 2.013158e+00
9.696970e-01 1.057640e-01 -4.732760e-02 8.498044e-02 2.008728e+00
9.797980e-01 1.088641e-01 -5.336213e-02 8.707770e-02 1.999689e+00
9.898990e-01 1.141702e-01 -4.588024e-02 9.092472e-02 1.990990e+00
1.000000e+00 1.250000e-01 0.000000e+00 1.000000e-01 2.000000e+00
