0.000000e+00 1.000000e+00 0.000000e+00 1.000000e+00 2.500000e+00
1.010101e-02 1.109745e-01 -1.094539e+00 8.713068e-02 1.962854e+00
2.020202e-02 2.475732e-01 -9.573986e-01 1.963138e-01 1.982382e+00
3.030303e-02 3.118890e-01 -7.898560e-01 2.514089e-01 2.015211e+00
4.040404e-02 3.605939e-01 -6.693432e-01 2.975145e-01 2.062670e+00
5.050505e-02 4.022423e-01 -5.712313e-01 3.396568e-01 2.111021e+00
6.060606e-02 4.399745e-01 -4.866639e-01 3.797809e-01 2.157971e+00
7.070707e-02 4.750591e-01 -4.116195e-01 4.186310e-01 2.203047e+00
8.080808e-02 5.079742e-01 -3.441370e-01 4.563747e-01 2.246052e+00
9.090909e-02 5.388017e-01 -2.832805e-01 4.928380e-01 2.286732e+00
1.010101e-01 5.674003e-01 -2.286735e-01 5.276203e-01 2.324727e+00
1.111111e-01 5.935034e-01 -1.802494e-01 5.601708e-01 2.359594e+00
1.212121e-01 6.167926e-01 -1.380894e-01 5.898663e-01 2.390862e+00
1.313131e-01 6.369682e-01 -1.022928e-01 6.161006e-01 2.418098e+00
1.414141e-01 6.538208e-01 -7.286240e-02 6.383878e-01 2.440989e+00
1.515152e-01 6.672953e-01 -4.960831e-02 6.564639e-01 2.459420e+00
1.616162e-01 6.775319e-01 -3.208658e-02 6.703584e-01 2.473531e+00
1.717172e-01 6.848680e-01 -1.959407e-02 6.804091e-01 2.483724e+00
1.818182e-01 6.897939e-01 -1.122905e-02 6.872061e-01 2.490621e+00
1.919192e-01 6.928737e-01 -6.004779e-03 6.914780e-01 2.494964e+00
2.020202e-01 6.946570e-01 -2.980296e-03 6.939605e-01 2.497493e+00
2.121212e-01 6.956086e-01 -1.365903e-03 6.952882e-01 2.498849e+00
2.222222e-01 6.960742e-01 -5.749679e-04 6.959390e-01 2.499514e+00
2.323232e-01 6.962818e-01 -2.199864e-04 6.962294e-01 2.499812e+00
2.424242e-01 6.963639e-01 -7.136278e-05 6.963441e-01 2.499929e+00
2.525253e-01 6.963858e-01 -2.582329e-06 6.963748e-01 2.499961e+00
2.626263e-01 6.963682e-01 6.252229e-05 6.963502e-01 2.499935e+00
2.727273e-01 6.962953e-01 1.967021e-04 6.962482e-01 2.499831e+00
2.828283e-01 6.961097e-01 5.147242e-04 6.959885e-01 2.499565e+00
2.929293e-01 6.956935e-01 1.221906e-03 6.954067e-01 2.498969e+00
3.030303e-01 6.948444e-01 2.663158e-03 6.942212e-01 2.497758e+00
3.131313e-01 6.932558e-01 5.359033e-03 6.920076e-01 2.495499e+00
3.232323e-01 6.905169e-01 1.000801e-02 6.882032e-01 2.491623e+00
3.333333e-01 6.861443e-01 1.743849e-02 6.821568e-01 2.485471e+00
3.434343e-01 6.796452e-01 2.851181e-02 6.732251e-01 2.476384e+00
3.535354e-01 6.705980e-01 4.400015e-02 6.608913e-01 2.463813e+00
3.636364e-01 6.587267e-01 6.447635e-02 6.448703e-01 2.447412e+00
3.737374e-01 6.439457e-01 9.024658e-02 6.251644e-01 2.427085e+00
3.838384e-01 6.263658e-01 1.213378e-01 6.020594e-01 2.402986e+00
3.939394e-01 6.062656e-01 1.575305e-01 5.760689e-01 2.375481e+00
4.040404e-01 5.840437e-01 1.984168e-01 5.478519e-01 2.345081e+00
4.141414e-01 5.601670e-01 2.434613e-01 5.181300e-01 2.312391e+00
4.242424e-01 5.351259e-01 2.920522e-01 4.876193e-01 2.278059e+00
4.343434e-01 5.094030e-01 3.435342e-01 4.569847e-01 2.242747e+00
4.444444e-01 4.834534e-01 3.972231e-01 4.268162e-01 2.207122e+00
4.545455e-01 4.576947e-01 4.524048e-01 3.976206e-01 2.171866e+00
4.646465e-01 4.325040e-01 5.083224e-01 3.698249e-01 2.137696e+00
4.747475e-01 4.082155e-01 5.641573e-01 3.437843e-01 2.105409e+00
4.848485e-01 3.851180e-01 6.190090e-01 3.197919e-01 2.075935e+00
4.949495e-01 3.634483e-01 6.718845e-01 2.980864e-01 2.050404e+00
5.050505e-01 3.433779e-01 7.217087e-01 2.788542e-01 2.030228e+00
5.151515e-01 3.249943e-01 7.673702e-01 2.622258e-01 2.017157e+00
5.252525e-01 3.082804e-01 8.078152e-01 2.482643e-01 2.013300e+00
5.353535e-01 2.931015e-01 8.421868e-01 2.369485e-01 2.021045e+00
5.454545e-01 2.792133e-01 8.699831e-01 2.281557e-01 2.042844e+00
5.555556e-01 2.663045e-01 8.911801e-01 2.216534e-01 2.080826e+00
5.656566e-01 2.540733e-01 9.062579e-01 2.171071e-01 2.136265e+00
5.757576e-01 2.423180e-01 9.160917e-01 2.141079e-01 2.208956e+00
5.858586e-01 2.310007e-01 9.217113e-01 2.122092e-01 2.296629e+00
5.959596e-01 2.202366e-01 9.239272e-01 2.109428e-01 2.394502e+00
6.060606e-01 2.101686e-01 9.227032e-01 2.097524e-01 2.495049e+00
6.161616e-01 2.006943e-01 9.158878e-01 2.077435e-01 2.587810e+00
6.262626e-01 1.910586e-01 8.968794e-01 2.031937e-01 2.658788e+00
6.363636e-01 1.796147e-01 8.524310e-01 1.932656e-01 2.690002e+00
6.464646e-01 1.645306e-01 7.653056e-01 1.752240e-01 2.662484e+00
6.565657e-01 1.456867e-01 6.258897e-01 1.495257e-01 2.565878e+00
6.666667e-01 1.258862e-01 4.476930e-01 1.215064e-01 2.413020e+00
6.767677e-01 1.092051e-01 2.706318e-01 9.818376e-02 2.247692e+00
6.868687e-01 9.796907e-02 1.369340e-01 8.311606e-02 2.120977e+00
6.969697e-01 9.177901e-02 5.933843e-02 7.525722e-02 2.049957e+00
7.070707e-01 8.888854e-02 2.283877e-02 7.176563e-02 2.018416e+00
7.171717e-01 8.770251e-02 8.016479e-03 7.038212e-02 2.006274e+00
7.272727e-01 8.726355e-02 2.593591e-03 6.988048e-02 2.001995e+00
7.373737e-01 8.711507e-02 7.734590e-04 6.971260e-02 2.000590e+00
7.474747e-01 8.706904e-02 2.113586e-04 6.966082e-02 2.000161e+00
7.575758e-01 8.705603e-02 5.201158e-05 6.964622e-02 2.000040e+00
7.676768e-01 8.705279e-02 9.707822e-06 6.964260e-02 2.000010e+00
7.777778e-01 8.705238e-02 -4.197861e-06 6.964214e-02 2.000007e+00
7.878788e-01 8.705324e-02 -1.844973e-05 6.964310e-02 2.000015e+00
7.979798e-01 8.705577e-02 -4.991843e-05 6.964593e-02 2.000038e+00
8.080808e-01 8.706173e-02 -1.224758e-04 6.965261e-02 2.000093e+00
8.181818e-01 8.707460e-02 -2.788414e-04 6.966701e-02 2.000210e+00
8.282828e-01 8.710041e-02 -5.921350e-04 6.969589e-02 2.000447e+00
8.383838e-01 8.714867e-02 -1.177354e-03 6.974985e-02 2.000887e+00
8.484848e-01 8.723314e-02 -2.199604e-03 6.984418e-02 2.001653e+00
8.585859e-01 8.737198e-02 -3.874047e-03 6.999891e-02 2.002899e+00
8.686869e-01 8.758704e-02 -6.452424e-03 7.023769e-02 2.004797e+00
8.787879e-01 8.790223e-02 -1.019350e-02 7.058531e-02 2.007495e+00
8.888889e-01 8.834132e-02 -1.531993e-02 7.106389e-02 2.011061e+00
8.989899e-01 8.892613e-02 -2.197041e-02 7.168875e-02 2.015402e+00
9.090909e-01 8.967641e-02 -3.016091e-02 7.246479e-02 2.020174e+00
9.191919e-01 9.061234e-02 -3.976693e-02 7.338522e-02 2.024703e+00
9.292929e-01 9.176014e-02 -5.052845e-02 7.443372e-02 2.027943e+00
9.393939e-01 9.316103e-02 -6.205509e-02 7.559191e-02 2.028528e+00
9.494949e-01 9.488554e-02 -7.376726e-02 7.685670e-02 2.024985e+00
9.595960e-01 9.706358e-02 -8.462817e-02 7.828030e-02 2.016212e+00
9.696970e-01 9.996159e-02 -9.236688e-02 8.006707e-02 2.002446e+00
9.797980e-01 1.041875e-01 -9.161568e-02 8.280916e-02 1.987023e+00
9.898990e-01 1.112306e-01 -6.995072e-02 8.806897e-02 1.979423e+00
1.000000e+00 1.250000e-01 0.000000e+00 1.000000e-01 2.000000e+00
