0.000000e+00 1.000000e+00 0.000000e+00 1.000000e+00 2.500000e+00
1.010101e-02 1.176645e-01 -1.074224e+00 9.372899e-02 1.991445e+00
2.020202e-02 2.649947e-01 -9.332273e-01 2.131801e-01 2.011173e+00
3.030303e-02 3.364178e-01 -7.597069e-01 2.750918e-01 2.044272e+00
4.040404e-02 3.915476e-01 -6.337011e-01 3.277935e-01 2.092935e+00
5.050505e-02 4.391829e-01 -5.306427e-01 3.764648e-01 2.142984e+00
6.060606e-02 4.824604e-01 -4.418551e-01 4.229913e-01 2.191845e+00
7.070707e-02 5.225314e-01 -3.635207e-01 4.679298e-01 2.238764e+00
8.080808e-02 5.596977e-01 -2.938947e-01 5.111717e-01 2.283249e+00
9.090909e-02 5.938368e-01 -2.322541e-01 5.522081e-01 2.324747e+00
1.010101e-01 6.246070e-01 -1.784047e-01 5.902832e-01 2.362618e+00
1.111111e-01 6.515867e-01 -1.323879e-01 6.245328e-01 2.396200e+00
1.212121e-01 6.743991e-01 -9.426339e-02 6.541425e-01 2.424909e+00
1.313131e-01 6.928304e-01 -6.392656e-02 6.785216e-01 2.448368e+00
1.414141e-01 7.069267e-01 -4.096845e-02 6.974596e-01 2.466521e+00
1.515152e-01 7.170358e-01 -2.461087e-02 7.112113e-01 2.479693e+00
1.616162e-01 7.237724e-01 -1.374671e-02 7.204633e-01 2.488570e+00
1.717172e-01 7.279088e-01 -7.083588e-03 7.261840e-01 2.494076e+00
1.818182e-01 7.302312e-01 -3.342144e-03 7.294114e-01 2.497194e+00
1.919192e-01 7.314152e-01 -1.433388e-03 7.310621e-01 2.498793e+00
2.020202e-01 7.319598e-01 -5.547808e-04 7.318228e-01 2.499532e+00
2.121212e-01 7.321843e-01 -1.922994e-04 7.321368e-01 2.499838e+00
2.222222e-01 7.322667e-01 -5.918560e-05 7.322521e-01 2.499950e+00
2.323232e-01 7.322935e-01 -1.600535e-05 7.322895e-01 2.499986e+00
2.424242e-01 7.323010e-01 -3.698400e-06 7.323001e-01 2.499997e+00
2.525253e-01 7.323027e-01 -3.587444e-07 7.323024e-01 2.499999e+00
2.626263e-01 7.323020e-01 1.932795e-06 7.323015e-01 2.499998e+00
2.727273e-01 7.322977e-01 9.097705e-06 7.322955e-01 2.499992e+00
2.828283e-01 7.322817e-01 3.494238e-05 7.322731e-01 2.499970e+00
2.929293e-01 7.322306e-01 1.175339e-04 7.322015e-01 2.499901e+00
3.030303e-01 7.320864e-01 3.504248e-04 7.319998e-01 2.499704e+00
3.131313e-01 7.317248e-01 9.342223e-04 7.314942e-01 2.499212e+00
3.232323e-01 7.309128e-01 2.244253e-03 7.303606e-01 2.498111e+00
3.333333e-01 7.292703e-01 4.892970e-03 7.280726e-01 2.495894e+00
3.434343e-01 7.262579e-01 9.750136e-03 7.238910e-01 2.491853e+00
3.535354e-01 7.212157e-01 1.788596e-02 7.169289e-01 2.485140e+00
3.636364e-01 7.134593e-01 3.043151e-02 7.062975e-01 2.474905e+00
3.737374e-01 7.024089e-01 4.839370e-02 6.912975e-01 2.460453e+00
3.838384e-01 6.877079e-01 7.248859e-02 6.715853e-01 2.441390e+00
3.939394e-01 6.692908e-01 1.030469e-01 6.472542e-01 2.417686e+00
4.040404e-01 6.473824e-01 1.400079e-01 6.188090e-01 2.389658e+00
4.141414e-01 6.224424e-01 1.829813e-01 5.870613e-01 2.357894e+00
4.242424e-01 5.950838e-01 2.313382e-01 5.529908e-01 2.323163e+00
4.343434e-01 5.659926e-01 2.842981e-01 5.176184e-01 2.286330e+00
4.444444e-01 5.358648e-01 3.409905e-01 4.819140e-01 2.248300e+00
4.545455e-01 5.053653e-01 4.004857e-01 4.467428e-01 2.209999e+00
4.646465e-01 4.751053e-01 4.617975e-01 4.128447e-01 2.172385e+00
4.747475e-01 4.456307e-01 5.238646e-01 3.808355e-01 2.136497e+00
4.848485e-01 4.174156e-01 5.855218e-01 3.512176e-01 2.103525e+00
4.949495e-01 3.908515e-01 6.454742e-01 3.243942e-01 2.074920e+00
5.050505e-01 3.662313e-01 7.022966e-01 3.006773e-01 2.052510e+00
5.151515e-01 3.437231e-01 7.544828e-01 2.802865e-01 2.038607e+00
5.252525e-01 3.233431e-01 8.005705e-01 2.633355e-01 2.036038e+00
5.353535e-01 3.049398e-01 8.393481e-01 2.498074e-01 2.048006e+00
5.454545e-01 2.882153e-01 8.700989e-01 2.395283e-01 2.077685e+00
5.555556e-01 2.727988e-01 8.927873e-01 2.321533e-01 2.127513e+00
5.656566e-01 2.583640e-01 9.080646e-01 2.271777e-01 2.198233e+00
5.757576e-01 2.447362e-01 9.169954e-01 2.239681e-01 2.287852e+00
5.858586e-01 2.318997e-01 9.204059e-01 2.217622e-01 2.390713e+00
5.959596e-01 2.197998e-01 9.175620e-01 2.195103e-01 2.496706e+00
6.060606e-01 2.078851e-01 9.036276e-01 2.153999e-01 2.590371e+00
6.161616e-01 1.946285e-01 8.664684e-01 2.063225e-01 2.650209e+00
6.262626e-01 1.779398e-01 7.874964e-01 1.887185e-01 2.651438e+00
6.363636e-01 1.571874e-01 6.528527e-01 1.619905e-01 2.576390e+00
6.464646e-01 1.350517e-01 4.718586e-01 1.313653e-01 2.431759e+00
6.565657e-01 1.161450e-01 2.852250e-01 1.050686e-01 2.261582e+00
6.666667e-01 1.033890e-01 1.417260e-01 8.792138e-02 2.125985e+00
6.767677e-01 9.646923e-02 5.905318e-02 7.910411e-02 2.049983e+00
6.868687e-01 9.334669e-02 2.142916e-02 7.532443e-02 2.017330e+00
6.969697e-01 9.213166e-02 6.960383e-03 7.390631e-02 2.005454e+00
7.070707e-01 9.171334e-02 2.042359e-03 7.342831e-02 2.001571e+00
7.171717e-01 9.158444e-02 5.396622e-04 7.328262e-02 2.000411e+00
7.272727e-01 9.154890e-02 1.271674e-04 7.324266e-02 2.000096e+00
7.373737e-01 9.154020e-02 2.636114e-05 7.323289e-02 2.000020e+00
7.474747e-01 9.153833e-02 4.723730e-06 7.323079e-02 2.000004e+00
7.575758e-01 9.153798e-02 7.071501e-07 7.323041e-02 2.000001e+00
7.676768e-01 9.153793e-02 3.766047e-08 7.323035e-02 2.000000e+00
7.777778e-01 9.153794e-02 -2.369876e-07 7.323036e-02 2.000000e+00
7.878788e-01 9.153801e-02 -1.022015e-06 7.323044e-02 2.000001e+00
7.979798e-01 9.153825e-02 -3.764848e-06 7.323070e-02 2.000003e+00
8.080808e-01 9.153899e-02 -1.238991e-05 7.323154e-02 2.000009e+00
8.181818e-01 9.154110e-02 -3.676745e-05 7.323390e-02 2.000028e+00
8.282828e-01 9.154650e-02 -9.912641e-05 7.323994e-02 2.000075e+00
8.383838e-01 9.155909e-02 -2.443964e-04 7.325402e-02 2.000184e+00
8.484848e-01 9.158597e-02 -5.542651e-04 7.328404e-02 2.000417e+00
8.585859e-01 9.163882e-02 -1.162383e-03 7.334300e-02 2.000871e+00
8.686869e-01 9.173500e-02 -2.265070e-03 7.345000e-02 2.001690e+00
8.787879e-01 9.189774e-02 -4.119530e-03 7.363022e-02 2.003048e+00
8.888889e-01 9.215510e-02 -7.021965e-03 7.391297e-02 2.005124e+00
8.989899e-01 9.253774e-02 -1.126294e-02 7.432768e-02 2.008037e+00
9.090909e-01 9.307641e-02 -1.706638e-02 7.489832e-02 2.011743e+00
9.191919e-01 9.380086e-02 -2.452811e-02 7.563786e-02 2.015916e+00
9.292929e-01 9.474209e-02 -3.357227e-02 7.654517e-02 2.019830e+00
9.393939e-01 9.593956e-02 -4.392939e-02 7.760740e-02 2.022299e+00
9.494949e-01 9.745540e-02 -5.509768e-02 7.881270e-02 2.021763e+00
9.595960e-01 9.940339e-02 -6.615866e-02 8.018510e-02 2.016659e+00
9.696970e-01 1.020196e-01 -7.514129e-02 8.187327e-02 2.006311e+00
9.797980e-01 1.058525e-01 -7.729942e-02 8.437503e-02 1.992750e+00
9.898990e-01 1.122795e-01 -6.112462e-02 8.910835e-02 1.984075e+00
1.000000e+00 1.250000e-01 0.000000e+00 1.000000e-01 2.000000e+00
