0.000000e+00 1.000000e+00 0.000000e+00 1.000000e+00 2.500000e+00
1.010101e-02 2.040247e-01 -5.892322e-01 1.932398e-01 2.367849e+00
2.020202e-02 5.723318e-01 -3.983537e-01 5.495320e-01 2.400408e+00
3.030303e-02 8.022178e-01 -1.589138e-01 7.825988e-01 2.438860e+00
4.040404e-02 9.272625e-01 -3.453796e-02 9.208415e-01 2.482688e+00
5.050505e-02 9.605960e-01 0.000000e+00 9.605960e-01 2.500000e+00
6.060606e-02 9.605960e-01 0.000000e+00 9.605960e-01 2.500000e+00
7.070707e-02 9.605960e-01 0.000000e+00 9.605960e-01 2.500000e+00
8.080808e-02 9.605960e-01 0.000000e+00 9.605960e-01 2.500000e+00
9.090909e-02 9.605960e-01 0.000000e+00 9.605960e-01 2.500000e+00
1.010101e-01 9.605960e-01 0.000000e+00 9.605960e-01 2.500000e+00
1.111111e-01 9.605960e-01 0.000000e+00 9.605960e-01 2.500000e+00
1.212121e-01 9.605960e-01 0.000000e+00 9.605960e-01 2.500000e+00
1.313131e-01 9.605960e-01 0.000000e+00 9.605960e-01 2.500000e+00
1.414141e-01 9.605960e-01 0.000000e+00 9.605960e-01 2.500000e+00
1.515152e-01 9.605960e-01 0.000000e+00 9.605960e-01 2.500000e+00
1.616162e-01 9.605960e-01 0.000000e+00 9.605960e-01 2.500000e+00
1.717172e-01 9.605960e-01 0.000000e+00 9.605960e-01 2.500000e+00
1.818182e-01 9.605960e-01 0.000000e+00 9.605960e-01 2.500000e+00
1.919192e-01 9.605960e-01 0.000000e+00 9.605960e-01 2.500000e+00
2.020202e-01 9.605960e-01 0.000000e+00 9.605960e-01 2.500000e+00
2.121212e-01 9.605960e-01 0.000000e+00 9.605960e-01 2.500000e+00
2.222222e-01 9.605960e-01 0.000000e+00 9.605960e-01 2.500000e+00
2.323232e-01 9.605960e-01 0.000000e+00 9.605960e-01 2.500000e+00
2.424242e-01 9.605960e-01 0.000000e+00 9.605960e-01 2.500000e+00
2.525253e-01 9.605960e-01 0.000000e+00 9.605960e-01 2.500000e+00
2.626263e-01 9.605960e-01 0.000000e+00 9.605960e-01 2.500000e+00
2.727273e-01 9.605960e-01 0.000000e+00 9.605960e-01 2.500000e+00
2.828283e-01 9.605960e-01 0.000000e+00 9.605960e-01 2.500000e+00
2.929293e-01 9.605960e-01 0.000000e+00 9.605960e-01 2.500000e+00
3.030303e-01 9.605960e-01 0.000000e+00 9.605960e-01 2.500000e+00
3.131313e-01 9.605960e-01 0.000000e+00 9.605960e-01 2.500000e+00
3.232323e-01 9.605960e-01 0.000000e+00 9.605960e-01 2.500000e+00
3.333333e-01 9.605960e-01 0.000000e+00 9.605960e-01 2.500000e+00
3.434343e-01 9.605960e-01 0.000000e+00 9.605960e-01 2.500000e+00
3.535354e-01 9.605960e-01 0.000000e+00 9.605960e-01 2.500000e+00
3.636364e-01 9.605960e-01 0.000000e+00 9.605960e-01 2.500000e+00
3.737374e-01 9.605960e-01 0.000000e+00 9.605960e-01 2.500000e+00
3.838384e-01 9.605960e-01 0.000000e+00 9.605960e-01 2.500000e+00
3.939394e-01 9.605960e-01 0.000000e+00 9.605960e-01 2.500000e+00
4.040404e-01 9.605960e-01 0.000000e+00 9.605960e-01 2.500000e+00
4.141414e-01 9.605960e-01 0.000000e+00 9.605960e-01 2.500000e+00
4.242424e-01 9.605960e-01 0.000000e+00 9.605960e-01 2.500000e+00
4.343434e-01 9.605960e-01 0.000000e+00 9.605960e-01 2.500000e+00
4.444444e-01 9.605960e-01 0.000000e+00 9.605960e-01 2.500000e+00
4.545455e-01 9.605960e-01 0.000000e+00 9.605960e-01 2.500000e+00
4.646465e-01 9.579513e-01 3.008485e-03 9.571732e-01 2.497969e+00
4.747475e-01 9.332242e-01 3.011390e-02 9.263637e-01 2.481621e+00
4.848485e-01 8.492960e-01 1.209720e-01 8.268398e-01 2.433898e+00
4.949495e-01 6.994194e-01 2.940065e-01 6.591010e-01 2.355886e+00
5.050505e-01 5.311421e-01 5.199520e-01 4.851648e-01 2.283592e+00
5.151515e-01 3.816114e-01 7.015897e-01 3.469425e-01 2.272878e+00
5.252525e-01 2.477623e-01 6.508150e-01 2.290919e-01 2.311610e+00
5.353535e-01 1.516635e-01 2.693748e-01 1.333774e-01 2.198574e+00
5.454545e-01 1.200745e-01 0.000000e+00 9.605960e-02 2.000000e+00
5.555556e-01 1.200745e-01 0.000000e+00 9.605960e-02 2.000000e+00
5.656566e-01 1.200745e-01 0.000000e+00 9.605960e-02 2.000000e+00
5.757576e-01 1.200745e-01 0.000000e+00 9.605960e-02 2.000000e+00
5.858586e-01 1.200745e-01 0.000000e+00 9.605960e-02 2.000000e+00
5.959596e-01 1.200745e-01 0.000000e+00 9.605960e-02 2.000000e+00
6.060606e-01 1.200745e-01 0.000000e+00 9.605960e-02 2.000000e+00
6.161616e-01 1.200745e-01 0.000000e+00 9.605960e-02 2.000000e+00
6.262626e-01 1.200745e-01 0.000000e+00 9.605960e-02 2.000000e+00
6.363636e-01 1.200745e-01 0.000000e+00 9.605960e-02 2.000000e+00
6.464646e-01 1.200745e-01 0.000000e+00 9.605960e-02 2.000000e+00
6.565657e-01 1.200745e-01 0.000000e+00 9.605960e-02 2.000000e+00
6.666667e-01 1.200745e-01 0.000000e+00 9.605960e-02 2.000000e+00
6.767677e-01 1.200745e-01 0.000000e+00 9.605960e-02 2.000000e+00
6.868687e-01 1.200745e-01 0.000000e+00 9.605960e-02 2.000000e+00
6.969697e-01 1.200745e-01 0.000000e+00 9.605960e-02 2.000000e+00
7.070707e-01 1.200745e-01 0.000000e+00 9.605960e-02 2.000000e+00
7.171717e-01 1.200745e-01 0.000000e+00 9.605960e-02 2.000000e+00
7.272727e-01 1.200745e-01 0.000000e+00 9.605960e-02 2.000000e+00
7.373737e-01 1.200745e-01 0.000000e+00 9.605960e-02 2.000000e+00
7.474747e-01 1.200745e-01 0.000000e+00 9.605960e-02 2.000000e+00
7.575758e-01 1.200745e-01 0.000000e+00 9.605960e-02 2.000000e+00
7.676768e-01 1.200745e-01 0.000000e+00 9.605960e-02 2.000000e+00
7.777778e-01 1.200745e-01 0.000000e+00 9.605960e-02 2.000000e+00
7.878788e-01 1.200745e-01 0.000000e+00 9.605960e-02 2.000000e+00
7.979798e-01 1.200745e-01 0.000000e+00 9.605960e-02 2.000000e+00
8.080808e-01 1.200745e-01 0.000000e+00 9.605960e-02 2.000000e+00
8.181818e-01 1.200745e-01 0.000000e+00 9.605960e-02 2.000000e+00
8.282828e-01 1.200745e-01 0.000000e+00 9.605960e-02 2.000000e+00
8.383838e-01 1.200745e-01 0.000000e+00 9.605960e-02 2.000000e+00
8.484848e-01 1.200745e-01 0.000000e+00 9.605960e-02 2.000000e+00
8.585859e-01 1.200745e-01 0.000000e+00 9.605960e-02 2.000000e+00
8.686869e-01 1.200745e-01 0.000000e+00 9.605960e-02 2.000000e+00
8.787879e-01 1.200745e-01 0.000000e+00 9.605960e-02 2.000000e+00
8.888889e-01 1.200745e-01 0.000000e+00 9.605960e-02 2.000000e+00
8.989899e-01 1.200745e-01 0.000000e+00 9.605960e-02 2.000000e+00
9.090909e-01 1.200745e-01 0.000000e+00 9.605960e-02 2.000000e+00
9.191919e-01 1.200745e-01 0.000000e+00 9.605960e-02 2.000000e+00
9.292929e-01 1.200745e-01 0.000000e+00 9.605960e-02 2.000000e+00
9.393939e-01 1.200745e-01 0.000000e+00 9.605960e-02 2.000000e+00
9.494949e-01 1.200745e-01 0.000000e+00 9.605960e-02 2.000000e+00
9.595960e-01 1.200745e-01 0.000000e+00 9.605960e-02 2.000000e+00
9.696970e-01 1.200974e-01 -1.628346e-04 9.608101e-02 2.000065e+00
9.797980e-01 1.203015e-01 -1.360884e-03 9.625643e-02 2.000316e+00
9.898990e-01 1.212637e-01 -4.420715e-03 9.701239e-02 2.000030e+00
1.000000e+00 1.250000e-01 0.000000e+00 1.000000e-01 2.000000e+00
