0.000000e+00 1.000000e+00 0.000000e+00 1.000000e+00 2.500000e+00
1.010101e-02 1.282909e-01 -1.036066e+00 1.048108e-01 2.042444e+00
2.020202e-02 2.942962e-01 -8.879417e-01 2.427887e-01 2.062451e+00
3.030303e-02 3.790421e-01 -7.033155e-01 3.177654e-01 2.095845e+00
4.040404e-02 4.464711e-01 -5.674180e-01 3.833504e-01 2.146558e+00
5.050505e-02 5.054414e-01 -4.559395e-01 4.446841e-01 2.199484e+00
6.060606e-02 5.587873e-01 -3.607006e-01 5.032140e-01 2.251366e+00
7.070707e-02 6.071801e-01 -2.784172e-01 5.587828e-01 2.300729e+00
8.080808e-02 6.503793e-01 -2.078563e-01 6.104022e-01 2.346332e+00
9.090909e-02 6.877736e-01 -1.486924e-01 6.566680e-01 2.386934e+00
1.010101e-01 7.187321e-01 -1.008703e-01 6.961374e-01 2.421408e+00
1.111111e-01 7.429029e-01 -6.414838e-02 7.277390e-01 2.448971e+00
1.212121e-01 7.604430e-01 -3.776822e-02 7.511452e-01 2.469433e+00
1.313131e-01 7.721021e-01 -2.031768e-02 7.669530e-01 2.483328e+00
1.414141e-01 7.791012e-01 -9.853651e-03 7.765548e-01 2.491829e+00
1.515152e-01 7.828453e-01 -4.250479e-03 7.817333e-01 2.496449e+00
1.616162e-01 7.846075e-01 -1.608574e-03 7.841836e-01 2.498649e+00
1.717172e-01 7.853282e-01 -5.263264e-04 7.851889e-01 2.499557e+00
1.818182e-01 7.855808e-01 -1.464127e-04 7.855420e-01 2.499876e+00
1.919192e-01 7.856556e-01 -3.390912e-05 7.856466e-01 2.499971e+00
2.020202e-01 7.856739e-01 -6.357234e-06 7.856722e-01 2.499995e+00
2.121212e-01 7.856775e-01 -9.264499e-07 7.856773e-01 2.499999e+00
2.222222e-01 7.856781e-01 -9.842406e-08 7.856780e-01 2.500000e+00
2.323232e-01 7.856781e-01 -6.778310e-09 7.856781e-01 2.500000e+00
2.424242e-01 7.856781e-01 -2.270489e-10 7.856781e-01 2.500000e+00
2.525253e-01 7.856781e-01 0.000000e+00 7.856781e-01 2.500000e+00
2.626263e-01 7.856781e-01 3.444017e-11 7.856781e-01 2.500000e+00
2.727273e-01 7.856781e-01 1.190305e-09 7.856781e-01 2.500000e+00
2.828283e-01 7.856781e-01 1.978668e-08 7.856781e-01 2.500000e+00
2.929293e-01 7.856780e-01 2.112766e-07 7.856779e-01 2.500000e+00
3.030303e-01 7.856771e-01 1.632058e-06 7.856766e-01 2.499999e+00
3.131313e-01 7.856717e-01 9.736498e-06 7.856691e-01 2.499992e+00
3.232323e-01 7.856471e-01 4.675668e-05 7.856347e-01 2.499961e+00
3.333333e-01 7.855546e-01 1.860034e-04 7.855052e-01 2.499843e+00
3.434343e-01 7.852619e-01 6.261190e-04 7.850962e-01 2.499472e+00
3.535354e-01 7.844717e-01 1.813452e-03 7.839935e-01 2.498476e+00
3.636364e-01 7.826259e-01 4.583279e-03 7.814253e-01 2.496165e+00
3.737374e-01 7.788534e-01 1.023771e-02 7.762018e-01 2.491489e+00
3.838384e-01 7.720313e-01 2.046117e-02 7.668254e-01 2.483142e+00
3.939394e-01 7.609893e-01 3.704202e-02 7.518072e-01 2.469835e+00
4.040404e-01 7.447982e-01 6.149245e-02 7.300908e-01 2.450633e+00
4.141414e-01 7.230186e-01 9.473191e-02 7.013879e-01 2.425207e+00
4.242424e-01 6.958035e-01 1.369555e-01 6.662720e-01 2.393894e+00
4.343434e-01 6.638359e-01 1.876930e-01 6.260219e-01 2.357593e+00
4.444444e-01 6.281638e-01 2.459769e-01 5.823252e-01 2.317569e+00
4.545455e-01 5.900135e-01 3.105186e-01 5.369802e-01 2.275288e+00
4.646465e-01 5.506394e-01 3.798317e-01 4.916784e-01 2.232307e+00
4.747475e-01 5.112242e-01 4.522794e-01 4.478884e-01 2.190274e+00
4.848485e-01 4.728218e-01 5.260597e-01 4.068193e-01 2.151018e+00
4.949495e-01 4.363204e-01 5.991540e-01 3.694287e-01 2.116729e+00
5.050505e-01 4.024067e-01 6.692883e-01 3.364446e-01 2.090203e+00
5.151515e-01 3.715214e-01 7.339732e-01 3.083763e-01 2.075091e+00
5.252525e-01 3.438139e-01 7.907005e-01 2.854991e-01 2.075971e+00
5.353535e-01 3.191279e-01 8.373355e-01 2.678095e-01 2.097979e+00
5.454545e-01 2.970648e-01 8.726020e-01 2.549639e-01 2.145693e+00
5.555556e-01 2.771325e-01 8.963366e-01 2.462229e-01 2.221165e+00
5.656566e-01 2.588735e-01 9.089418e-01 2.403698e-01 2.321306e+00
5.757576e-01 2.417154e-01 9.091699e-01 2.354209e-01 2.434898e+00
5.858586e-01 2.243742e-01 8.895374e-01 2.279234e-01 2.539545e+00
5.959596e-01 2.045036e-01 8.323660e-01 2.127995e-01 2.601415e+00
6.060606e-01 1.802784e-01 7.162182e-01 1.863980e-01 2.584864e+00
6.161616e-01 1.534605e-01 5.376858e-01 1.519164e-01 2.474846e+00
6.262626e-01 1.294568e-01 3.326827e-01 1.192922e-01 2.303706e+00
6.363636e-01 1.128306e-01 1.632407e-01 9.689113e-02 2.146827e+00
6.464646e-01 1.039009e-01 6.393119e-02 8.540020e-02 2.054847e+00
6.565657e-01 1.000816e-01 2.076514e-02 8.074321e-02 2.016935e+00
6.666667e-01 9.873596e-02 5.761607e-03 7.916773e-02 2.004531e+00
6.767677e-01 9.833608e-02 1.371690e-03 7.871043e-02 2.001057e+00
6.868687e-01 9.823530e-02 2.760511e-04 7.859651e-02 2.000210e+00
6.969697e-01 9.821400e-02 4.565387e-05 7.857256e-02 2.000035e+00
7.070707e-01 9.821032e-02 5.947097e-06 7.856843e-02 2.000005e+00
7.171717e-01 9.820982e-02 5.711305e-07 7.856787e-02 2.000000e+00
7.272727e-01 9.820977e-02 3.589547e-08 7.856782e-02 2.000000e+00
7.373737e-01 9.820977e-02 1.106220e-09 7.856781e-02 2.000000e+00
7.474747e-01 9.820977e-02 0.000000e+00 7.856781e-02 2.000000e+00
7.575758e-01 9.820977e-02 0.000000e+00 7.856781e-02 2.000000e+00
7.676768e-01 9.820977e-02 -8.595211e-13 7.856781e-02 2.000000e+00
7.777778e-01 9.820977e-02 -2.975257e-11 7.856781e-02 2.000000e+00
7.878788e-01 9.820977e-02 -5.036886e-10 7.856781e-02 2.000000e+00
7.979798e-01 9.820977e-02 -5.559877e-09 7.856781e-02 2.000000e+00
8.080808e-01 9.820977e-02 -4.501726e-08 7.856782e-02 2.000000e+00
8.181818e-01 9.820979e-02 -2.852122e-07 7.856784e-02 2.000000e+00
8.282828e-01 9.820990e-02 -1.473135e-06 7.856797e-02 2.000001e+00
8.383838e-01 9.821036e-02 -6.382213e-06 7.856848e-02 2.000005e+00
8.484848e-01 9.821197e-02 -2.368666e-05 7.857028e-02 2.000018e+00
8.585859e-01 9.821689e-02 -7.654974e-05 7.857577e-02 2.000058e+00
8.686869e-01 9.823010e-02 -2.182857e-04 7.859050e-02 2.000163e+00
8.787879e-01 9.826162e-02 -5.552994e-04 7.862554e-02 2.000413e+00
8.888889e-01 9.832902e-02 -1.272154e-03 7.870011e-02 2.000938e+00
8.989899e-01 9.845938e-02 -2.646316e-03 7.884320e-02 2.001922e+00
9.090909e-01 9.868956e-02 -5.035397e-03 7.909246e-02 2.003567e+00
9.191919e-01 9.906419e-02 -8.823595e-03 7.948908e-02 2.005999e+00
9.292929e-01 9.963275e-02 -1.432921e-02 8.006909e-02 2.009106e+00
9.393939e-01 1.004489e-01 -2.169365e-02 8.085444e-02 2.012328e+00
9.494949e-01 1.015772e-01 -3.077028e-02 8.185058e-02 2.014492e+00
9.595960e-01 1.031160e-01 -4.096527e-02 8.306436e-02 2.013857e+00
9.696970e-01 1.052581e-01 -5.078498e-02 8.457284e-02 2.008701e+00
9.797980e-01 1.084592e-01 -5.641409e-02 8.672411e-02 1.999004e+00
9.898990e-01 1.139168e-01 -4.786555e-02 9.068593e-02 1.990179e+00
1.000000e+00 1.250000e-01 0.000000e+00 1.000000e-01 2.000000e+00
