0.000000e+00 1.000000e+00 0.000000e+00 1.000000e+00 2.500000e+00
1.010101e-02 9.807131e-02 -1.127374e+00 7.511571e-02 1.914824e+00
2.020202e-02 2.155670e-01 -9.965233e-01 1.667566e-01 1.933931e+00
3.030303e-02 2.682220e-01 -8.386861e-01 2.109423e-01 1.966117e+00
4.040404e-02 3.067244e-01 -7.272716e-01 2.467809e-01 2.011423e+00
5.050505e-02 3.389194e-01 -6.376385e-01 2.788331e-01 2.056781e+00
6.060606e-02 3.677562e-01 -5.607407e-01 3.089551e-01 2.100271e+00
7.070707e-02 3.945239e-01 -4.923326e-01 3.379913e-01 2.141767e+00
8.080808e-02 4.198284e-01 -4.302054e-01 3.663280e-01 2.181415e+00
9.090909e-02 4.439421e-01 -3.731591e-01 3.940991e-01 2.219315e+00
1.010101e-01 4.669510e-01 -3.205502e-01 4.212767e-01 2.255465e+00
1.111111e-01 4.888247e-01 -2.720676e-01 4.477169e-01 2.289762e+00
1.212121e-01 5.094560e-01 -2.276077e-01 4.731880e-01 2.322026e+00
1.313131e-01 5.286875e-01 -1.871961e-01 4.973940e-01 2.352023e+00
1.414141e-01 5.463350e-01 -1.509291e-01 5.199996e-01 2.379491e+00
1.515152e-01 5.622122e-01 -1.189231e-01 5.406616e-01 2.404171e+00
1.616162e-01 5.761570e-01 -9.126622e-02 5.590659e-01 2.425840e+00
1.717172e-01 5.880590e-01 -6.797213e-02 5.749687e-01 2.444350e+00
1.818182e-01 5.978836e-01 -4.893973e-02 5.882357e-01 2.459658e+00
1.919192e-01 6.056880e-01 -3.392598e-02 5.988688e-01 2.471854e+00
2.020202e-01 6.116215e-01 -2.253883e-02 6.070120e-01 2.481159e+00
2.121212e-01 6.159089e-01 -1.425378e-02 6.129300e-01 2.487909e+00
2.222222e-01 6.188164e-01 -8.450192e-03 6.169607e-01 2.492503e+00
2.323232e-01 6.206075e-01 -4.456145e-03 6.194512e-01 2.495342e+00
2.424242e-01 6.214974e-01 -1.587413e-03 6.206910e-01 2.496756e+00
2.525253e-01 6.216169e-01 8.304288e-04 6.208575e-01 2.496946e+00
2.626263e-01 6.209916e-01 3.458097e-03 6.199858e-01 2.495951e+00
2.727273e-01 6.195407e-01 6.947996e-03 6.179659e-01 2.493645e+00
2.828283e-01 6.170954e-01 1.194505e-02 6.145702e-01 2.489770e+00
2.929293e-01 6.134330e-01 1.907227e-02 6.095029e-01 2.483983e+00
3.030303e-01 6.083199e-01 2.889943e-02 6.024631e-01 2.475930e+00
3.131313e-01 6.015551e-01 4.190298e-02 5.932070e-01 2.465306e+00
3.232323e-01 5.930045e-01 5.842980e-02 5.815966e-01 2.451906e+00
3.333333e-01 5.826214e-01 7.867587e-02 5.676256e-01 2.435654e+00
3.434343e-01 5.704509e-01 1.026846e-01 5.514208e-01 2.416601e+00
3.535354e-01 5.566196e-01 1.303623e-01 5.332229e-01 2.394916e+00
3.636364e-01 5.413173e-01 1.615053e-01 5.133545e-01 2.370858e+00
3.737374e-01 5.247755e-01 1.958305e-01 4.921858e-01 2.344745e+00
3.838384e-01 5.072468e-01 2.330030e-01 4.701023e-01 2.316931e+00
3.939394e-01 4.889886e-01 2.726590e-01 4.474807e-01 2.287787e+00
4.040404e-01 4.702513e-01 3.144202e-01 4.246717e-01 2.257685e+00
4.141414e-01 4.512712e-01 3.579018e-01 4.019912e-01 2.226994e+00
4.242424e-01 4.322672e-01 4.027139e-01 3.797169e-01 2.196078e+00
4.343434e-01 4.134397e-01 4.484579e-01 3.580888e-01 2.165302e+00
4.444444e-01 3.949714e-01 4.947200e-01 3.373122e-01 2.135042e+00
4.545455e-01 3.770284e-01 5.410612e-01 3.175627e-01 2.105695e+00
4.646465e-01 3.597610e-01 5.870078e-01 2.989902e-01 2.077700e+00
4.747475e-01 3.433036e-01 6.320423e-01 2.817231e-01 2.051559e+00
4.848485e-01 3.277717e-01 6.755995e-01 2.658710e-01 2.027867e+00
4.949495e-01 3.132579e-01 7.170698e-01 2.515255e-01 2.007336e+00
5.050505e-01 2.998227e-01 7.558169e-01 2.387586e-01 1.990831e+00
5.151515e-01 2.874851e-01 7.912110e-01 2.276179e-01 1.979388e+00
5.252525e-01 2.762104e-01 8.226824e-01 2.181203e-01 1.974222e+00
5.353535e-01 2.659021e-01 8.497895e-01 2.102437e-01 1.976703e+00
5.454545e-01 2.564011e-01 8.722882e-01 2.039195e-01 1.988287e+00
5.555556e-01 2.474991e-01 8.901850e-01 1.990289e-01 2.010401e+00
5.656566e-01 2.389681e-01 9.037519e-01 1.954057e-01 2.044266e+00
5.757576e-01 2.306030e-01 9.134922e-01 1.928473e-01 2.090685e+00
5.858586e-01 2.222692e-01 9.200621e-01 1.911322e-01 2.149782e+00
5.959596e-01 2.139376e-01 9.241681e-01 1.900406e-01 2.220748e+00
6.060606e-01 2.056959e-01 9.264626e-01 1.893723e-01 2.301605e+00
6.161616e-01 1.977259e-01 9.274501e-01 1.889541e-01 2.389092e+00
6.262626e-01 1.902495e-01 9.273828e-01 1.886297e-01 2.478716e+00
6.363636e-01 1.834443e-01 9.260636e-01 1.882149e-01 2.565013e+00
6.464646e-01 1.773234e-01 9.223496e-01 1.873828e-01 2.641823e+00
6.565657e-01 1.715539e-01 9.130090e-01 1.854219e-01 2.702095e+00
6.666667e-01 1.652323e-01 8.908218e-01 1.808854e-01 2.736835e+00
6.767677e-01 1.568530e-01 8.433487e-01 1.715441e-01 2.734153e+00
6.868687e-01 1.449863e-01 7.560371e-01 1.555072e-01 2.681411e+00
6.969697e-01 1.296907e-01 6.219906e-01 1.334678e-01 2.572809e+00
7.070707e-01 1.132810e-01 4.538632e-01 1.096889e-01 2.420726e+00
7.171717e-01 9.904929e-02 2.857211e-01 8.958861e-02 2.261213e+00
7.272727e-01 8.902630e-02 1.541305e-01 7.606680e-02 2.136077e+00
7.373737e-01 8.315175e-02 7.272027e-02 6.856258e-02 2.061369e+00
7.474747e-01 8.018356e-02 3.101549e-02 6.495404e-02 2.025167e+00
7.575758e-01 7.884479e-02 1.223425e-02 6.338376e-02 2.009764e+00
7.676768e-01 7.829433e-02 4.409439e-03 6.275212e-02 2.003725e+00
7.777778e-01 7.809230e-02 1.218628e-03 6.252296e-02 2.001573e+00
7.878788e-01 7.804015e-02 -2.469923e-04 6.246406e-02 2.001023e+00
7.979798e-01 7.805963e-02 -1.263868e-03 6.248582e-02 2.001221e+00
8.080808e-01 7.812702e-02 -2.423270e-03 6.256132e-02 2.001910e+00
8.181818e-01 7.824240e-02 -4.060557e-03 6.269058e-02 2.003089e+00
8.282828e-01 7.841607e-02 -6.427725e-03 6.288511e-02 2.004854e+00
8.383838e-01 7.866250e-02 -9.748055e-03 6.316082e-02 2.007336e+00
8.484848e-01 7.899695e-02 -1.421797e-02 6.353407e-02 2.010649e+00
8.585859e-01 7.943332e-02 -1.998683e-02 6.401858e-02 2.014853e+00
8.686869e-01 7.998277e-02 -2.713160e-02 6.462288e-02 2.019900e+00
8.787879e-01 8.065350e-02 -3.563786e-02 6.534852e-02 2.025595e+00
8.888889e-01 8.145201e-02 -4.539506e-02 6.618933e-02 2.031544e+00
8.989899e-01 8.238588e-02 -5.620853e-02 6.713217e-02 2.037126e+00
9.090909e-01 8.346776e-02 -6.782449e-02 6.815920e-02 2.041483e+00
9.191919e-01 8.471983e-02 -7.995642e-02 6.925155e-02 2.043546e+00
9.292929e-01 8.617830e-02 -9.229228e-02 7.039488e-02 2.042129e+00
9.393939e-01 8.789940e-02 -1.044456e-01 7.158920e-02 2.036112e+00
9.494949e-01 8.997271e-02 -1.157796e-01 7.286966e-02 2.024771e+00
9.595960e-01 9.255752e-02 -1.249626e-01 7.435477e-02 2.008340e+00
9.696970e-01 9.597812e-02 -1.289895e-01 7.635743e-02 1.988928e+00
9.797980e-01 1.009578e-01 -1.212154e-01 7.963718e-02 1.972042e+00
9.898990e-01 1.091964e-01 -8.765947e-02 8.600004e-02 1.968931e+00
1.000000e+00 1.250000e-01 0.000000e+00 1.000000e-01 2.000000e+00
