140 215 23 45 231 146 229 156 181 99 228 169 67 199 253 36 13 251 156 113 151 146 69 51 157 117 229 166 81 2 158 47 145 67 20 92 105 51 248 56 14 217 102 172 40 9 160 97 210 40 153 27 97 116 205 109 131 114 75 154 121 254 222 48 24 74 169 37 146 61 214 85 7 34 123 141 
128 223 84 43 246 139 226 144 252 100 172 175 66 129 214 0 43 251 156 104 136 215 80 40 157 117 228 187 74 30 156 108 136 6 91 93 98 59 239 56 28 211 117 183 123 14 182 96 128 36 223 90 96 104 204 123 205 111 81 217 108 239 218 120 24 95 171 35 129 55 195 1 12 63 124 205 85 97 228 109 50 19 233 36 13 32 177 41 100 135 172 86 176 35 167 168 179 149 205 10 57 97 231 101 194 84 26 14 174 
157 209 17 127 238 144 254 210 244 117 229 160 68 147 201 69 58 191 221 108 196 197 84 123 149 52 255 233 69 17 146 32 197 10 21 14 121 62 239 56 27 194 102 249 60 11 175 113 128 34 204 29 124 116 133 102 130 114 2 141 119 170 223 49 76 74 181 102 149 55 134 71 28 34 120 131 70 41 236 40 97 21 246 57 7 114 166 102 109 135 233 82 190 96 135 191 178 145 133 28 49 97 201 105 192 94 16 20 165 24 228 220 26 231 53 111 78 97 126 123 59 88 240 88 64 211 162 107 188 104 72 45 229 168 182 155 125 
136 215 13 127 241 140 244 144 226 127 227 236 78 136 222 22 39 179 217 106 196 211 67 50 140 61 235 172 87 25 152 45 137 67 22 75 121 62 229 124 27 150 123 234 123 28 177 123 196 56 218 19 122 103 133 122 140 104 70 150 117 170 223 61 95 70 179 53 204 100 207 82 78 34 115 131 81 46 252 122 97 5 170 105 1 110 242 39 34 146 189 82 234 102 198 165 167 212 214 2 58 111 139 70 195 95 27 66 182 87 254 147 116 224 37 34 69 122 99 
158 220 83 45 251 194 226 213 240 126 226 171 13 149 217 2 38 163 156 118 139 197 17 47 144 52 242 233 66 80 150 45 150 16 91 75 117 34 227 118 11 194 125 227 53 76 160 117 206 109 219 31 52 99 196 125 158 99 70 217 122 243 155 60 77 66 166 40 192 38 195 72 0 42 102 141 18 4 229 97 104 1 228 44 28 104 242 13 109 141 171 86 236 119 
136 205 84 62 190 136 254 210 181 126 226 184 72 149 198 12 43 160 144 56 144 215 93 55 216 33 238 172 78 80 130 35 144 68 9 75 45 33 227 116 4 223 122 235 123 24 172 52 199 36 207 31 52 49 148 56 205 118 71 139 125 233 222 58 76 1 231 19 142 40 195 82 29 109 97 203 87 97 227 103 112 64 239 58 72 97 242 53 118 128 189 90 237 119 143 169 168 149 203 69 
135 220 2 58 236 194 225 197 225 55 227 170 75 199 196 12 34 187 156 108 139 223 94 41 138 58 241 233 84 24 154 56 197 26 20 91 45 53 235 118 72 210 123 172 47 4 166 52 196 44 192 90 117 102 209 109 159 38 86 150 117 229 201 38 87 88 231 44 149 55 210 1 15 62 53 212 87 45 229 38 
158 209 17 49 190 171 177 199 244 100 172 173 13 140 217 1 98 247 209 97 196 194 80 41 157 59 242 186 3 29 148 58 128 7 91 79 45 58 229 108 68 150 118 249 47 76 138 52 193 33 206 27 109 115 133 110 130 115 76 157 56 254 211 49 85 1 231 20 143 32 134 101 15 35 114 198 64 39 224 109 126 4 
157 209 17 127 253 151 227 213 181 113 227 190 13 133 223 23 43 179 211 117 196 219 66 123 155 32 244 160 76 3 146 56 156 77 91 122 101 51 248 125 79 197 52 226 52 76 160 97 210 40 153 28 123 114 133 107 152 116 75 150 107 227 207 45 22 15 131 41 146 43 210 73 23 109 69 194 64 42 236 122 
128 158 25 127 245 139 253 220 252 121 235 236 89 142 221 0 110 160 212 113 136 215 17 18 216 34 231 160 87 80 157 35 151 67 23 71 107 51 170 108 7 150 103 228 52 27 166 102 128 32 220 90 99 105 209 96 205 107 71 152 118 227 213 51 24 78 169 34 192 44 199 81 30 36 123 198 65 50 167 40 81 1 234 63 1 110 242 39 108 133 233 123 241 97 132 175 178 
128 153 28 62 232 135 177 221 240 122 227 190 68 157 213 1 110 163 212 113 151 146 68 47 140 48 244 165 90 80 142 63 128 15 30 93 126 118 250 113 13 213 113 172 52 10 227 125 206 43 214 8 121 97 209 97 130 104 2 149 119 228 220 116 93 65 168 51 135 44 134 85 1 109 101 194 65 50 169 105 50 20 227 58 28 32 163 51 103 146 189 90 241 109 200 234 130 149 201 29 61 47 139 109 194 83 85 42 175 90 242 214 73 
147 220 6 48 179 137 255 223 226 123 233 168 74 130 144 12 32 163 217 106 133 209 69 50 142 48 166 185 81 31 148 42 223 67 12 70 108 34 239 110 13 196 52 245 52 25 227 119 207 56 213 30 52 99 202 101 157 115 86 156 56 232 222 50 87 93 162 102 153 43 211 1 7 35 97 198 64 32 234 124 119 4 166 62 1 116 186 102 111 132 233 82 240 103 198 171 167 128 192 25 35 32 217 104 140 86 7 7 224 86 255 199 26 225 57 41 66 113 127 106 123 12 159 26 97 218 171 108 184 104 67 43 231 175 174 150 96 129 68 81 
