16 100
79 66 56 31 1 53 29 89 92 35 75 93 59 20 98 76 71 27 42 47 80 60 7 74 69 28 18 88 95 49 33 37 30 43 25 55 41 21 99 81 63 16 39 82 83 5 100 2 67 87 45 61 62 97 34 48 36 23 44 8 11 70 73 6 12 46 58 94 15 9 40 50 14 38 17 3 32 54 10 51 68 26 84 91 85 90 22 64 78 19 86 65 72 24 96 77 13 52 4 57 
13 96 86 52 57 4 24 72 65 77 85 90 26 19 84 64 22 68 78 91 3 14 50 10 51 32 17 54 40 38 89 1 35 53 56 29 66 79 31 92 94 73 15 58 11 6 70 12 9 46 33 99 43 25 41 21 30 55 81 37 42 27 71 20 75 47 59 98 76 93 2 67 63 39 5 87 83 16 100 82 62 23 8 61 97 36 48 44 45 34 95 49 28 69 18 7 88 80 74 60 
21 41 25 99 37 43 55 33 81 30 12 9 58 6 94 15 73 70 11 46 52 57 77 4 24 72 96 13 86 65 45 8 36 62 97 23 34 48 61 44 14 54 38 51 32 17 10 40 50 3 78 91 68 85 19 22 90 26 64 84 83 100 16 5 2 87 82 63 39 67 95 7 60 49 18 80 28 88 74 69 27 59 98 47 75 93 71 76 42 20 56 92 89 29 66 35 79 31 53 1 
16 5 2 87 63 100 82 83 39 67 56 35 29 66 1 92 79 53 89 31 47 98 93 27 59 42 20 71 75 76 32 14 50 10 40 51 17 54 3 38 8 48 44 23 45 34 62 97 36 61 28 80 74 95 18 88 7 69 49 60 33 43 21 41 25 99 55 37 81 30 85 90 84 64 19 91 78 22 68 26 4 24 57 52 86 77 13 65 72 96 12 15 11 58 6 9 73 46 70 94 
71 20 75 47 98 27 59 42 76 93 95 7 69 18 60 49 88 74 28 80 61 8 36 62 23 45 34 48 97 44 11 94 9 70 12 58 6 73 46 15 1 79 92 29 89 66 53 56 35 31 83 87 100 2 5 16 67 82 39 63 72 4 13 96 86 52 24 57 65 77 25 30 37 81 41 99 33 21 43 55 10 51 14 3 40 50 54 38 32 17 85 64 78 26 19 90 22 91 68 84 
54 17 40 3 14 10 51 32 38 50 25 30 55 41 37 81 21 43 33 99 46 94 9 70 58 11 6 73 12 15 28 60 7 74 95 69 18 88 80 49 84 22 64 26 78 19 68 85 90 91 72 52 4 86 96 13 77 24 65 57 45 62 48 34 97 61 23 8 44 36 75 93 98 76 20 47 42 71 27 59 53 29 1 31 56 35 79 92 89 66 2 39 83 82 5 67 16 87 100 63 
73 6 12 46 94 70 58 11 15 9 86 77 24 96 57 65 13 4 72 52 91 84 90 68 26 78 19 22 85 64 83 63 67 100 2 82 5 16 87 39 37 21 81 55 33 41 43 25 30 99 32 3 10 40 17 54 50 51 38 14 89 53 79 66 56 31 29 1 92 35 97 36 8 44 34 61 45 48 62 23 74 69 60 80 95 7 88 49 28 18 75 76 42 59 20 93 71 47 27 98 
48 34 97 61 8 62 23 45 44 36 2 67 82 5 63 39 16 100 83 87 31 1 35 53 29 89 66 79 56 92 78 84 90 68 85 26 19 22 91 64 60 88 49 69 28 18 74 95 7 80 42 47 27 75 20 71 93 59 76 98 32 10 54 17 40 3 51 14 38 50 86 77 57 65 96 52 72 13 4 24 70 58 94 46 12 9 73 15 11 6 25 81 33 55 41 30 21 99 43 37 
88 18 95 80 60 74 69 28 49 7 97 36 23 34 8 44 48 62 45 61 87 63 67 100 82 83 5 16 2 39 72 57 77 4 86 24 96 13 52 65 98 71 76 59 42 20 27 75 93 47 89 31 53 56 66 79 35 29 92 1 78 68 22 19 85 91 26 84 64 90 12 9 94 15 6 46 11 73 70 58 43 55 37 99 25 30 21 81 33 41 40 38 32 51 17 50 54 3 10 14 
22 19 85 91 84 68 26 78 64 90 40 50 51 17 14 38 54 10 32 3 99 37 30 43 55 33 41 21 25 81 42 98 93 27 75 59 20 71 47 76 57 13 65 24 72 96 4 86 77 52 11 46 70 12 6 73 9 58 15 94 28 74 88 18 95 80 69 60 49 7 56 35 1 92 66 31 89 79 53 29 100 82 63 87 2 67 16 39 83 5 97 44 45 23 34 36 48 61 62 8 
85 78 36 84 44 23 61 48 68 34 67 5 87 32 39 10 40 82 16 14 37 92 66 29 31 79 33 25 35 43 22 64 19 26 90 91 42 75 98 27 49 86 4 80 88 72 69 7 18 57 71 94 59 93 11 12 20 47 70 76 54 51 95 28 50 60 3 38 74 17 77 96 65 53 89 1 13 56 24 52 58 46 15 63 9 6 2 100 73 83 30 62 21 99 45 41 97 8 55 81 
56 89 77 1 65 24 52 13 53 96 90 19 91 42 64 27 75 26 22 98 60 38 17 51 3 54 28 95 50 74 79 92 66 29 35 31 33 25 37 43 15 2 100 46 73 83 58 9 6 63 21 8 55 30 45 97 41 99 62 81 71 59 12 11 93 94 47 76 70 20 67 5 39 10 32 14 16 40 82 87 23 61 44 84 36 34 85 68 48 78 7 4 88 80 72 18 86 57 69 49 
86 72 7 57 49 69 80 88 4 18 36 34 61 78 44 68 85 23 48 84 14 39 5 82 87 16 32 40 67 10 13 65 96 24 77 52 89 56 1 53 76 12 70 47 71 11 59 93 20 94 79 37 29 35 33 25 66 31 43 92 22 26 75 42 90 98 91 64 27 19 9 6 15 100 83 63 73 2 58 46 55 99 81 8 30 41 97 62 21 45 50 74 54 3 28 17 95 60 51 38 
25 33 35 37 92 29 31 79 43 66 93 20 47 11 76 70 12 59 71 94 57 49 18 69 80 88 72 86 7 4 21 81 41 55 30 99 45 97 8 62 39 40 10 87 16 32 82 67 5 14 48 84 23 36 78 85 34 61 68 44 73 58 2 83 9 63 46 15 100 6 50 17 38 74 28 60 54 95 51 3 26 91 64 98 90 19 75 27 22 42 77 53 13 52 89 96 56 1 24 65 
95 28 50 60 38 51 3 54 74 17 30 41 99 45 81 62 97 55 21 8 63 15 6 58 46 73 83 2 9 100 88 49 18 69 7 80 72 86 57 4 64 75 27 91 22 42 26 90 19 98 13 1 24 77 89 56 96 52 53 65 48 23 85 78 36 84 61 44 68 34 93 20 76 70 11 94 71 12 59 47 29 31 92 37 35 66 25 43 79 33 67 10 16 87 32 5 40 14 82 39 
12 11 93 94 76 59 47 71 70 20 7 18 80 72 49 4 86 69 88 57 84 44 34 23 61 48 78 85 36 68 73 15 6 58 9 46 83 2 63 100 92 25 43 31 79 33 29 35 66 37 16 14 82 67 32 40 5 87 10 39 13 24 56 89 77 1 52 65 53 96 30 41 81 62 45 8 21 97 55 99 51 3 38 60 50 17 95 74 54 28 90 27 22 91 42 19 75 98 26 64 
75 42 90 98 64 26 91 22 27 19 50 17 3 28 38 74 95 51 54 60 8 81 41 55 99 21 45 97 30 62 71 76 20 59 93 47 11 12 94 70 65 56 53 52 13 89 24 77 96 1 73 63 58 9 83 2 6 46 100 15 88 69 86 72 7 57 80 49 4 18 35 66 92 43 33 37 79 25 29 31 82 87 39 14 67 5 40 10 16 32 36 68 48 61 78 34 85 84 23 44 
40 32 67 14 39 82 87 16 10 5 35 66 31 33 92 43 25 29 79 37 94 76 20 59 47 71 11 12 93 70 54 38 17 51 50 3 28 95 60 74 44 85 68 61 48 78 23 36 34 84 88 57 69 7 72 86 18 80 4 49 21 55 97 45 30 8 99 81 62 41 90 19 64 27 42 98 22 75 26 91 24 52 65 1 77 96 56 53 13 89 9 100 73 46 83 6 2 63 58 15 
97 45 30 8 81 55 99 21 62 41 9 6 46 83 15 100 2 58 73 63 1 65 96 24 52 13 89 56 77 53 48 44 34 23 36 61 78 85 84 68 38 95 74 3 54 28 51 50 17 60 22 98 26 90 42 75 19 91 27 64 16 82 40 32 67 14 87 39 10 5 7 18 49 4 72 57 88 86 69 80 59 47 76 94 93 20 12 70 71 11 35 43 79 31 33 66 25 37 29 92 
2 83 9 63 15 58 46 73 100 6 77 96 52 89 65 53 56 24 13 1 98 64 19 26 91 22 42 75 90 27 16 39 5 82 67 87 32 40 14 10 81 97 62 99 21 45 55 30 41 8 54 60 51 50 28 95 17 3 74 38 79 29 25 33 35 37 31 92 43 66 36 34 44 68 78 84 48 85 23 61 69 80 49 57 7 18 86 4 88 72 93 70 71 47 11 20 12 94 59 76 
68 84 23 90 34 48 85 44 78 61 82 87 40 14 5 32 10 16 39 50 30 66 31 79 25 92 37 43 29 33 64 19 91 22 26 75 98 27 93 42 18 4 72 86 49 57 88 69 80 77 76 9 71 59 94 70 47 12 11 20 38 54 74 60 51 7 95 17 28 3 24 52 96 89 1 35 65 53 13 56 73 2 6 67 58 46 100 83 15 63 55 45 81 97 8 99 62 36 21 41 
62 8 55 36 41 21 97 81 45 99 58 46 2 63 6 83 100 73 15 67 35 96 52 13 56 65 1 53 24 89 44 34 61 48 23 85 84 68 90 78 17 74 28 95 38 60 54 51 3 7 64 93 22 26 98 27 91 75 42 19 39 16 10 14 82 50 40 5 32 87 69 80 18 72 57 77 49 4 88 86 71 12 20 9 59 47 70 11 76 94 29 33 92 25 37 31 43 30 79 66 
27 98 26 93 19 22 75 64 42 91 51 3 95 60 17 28 74 54 38 7 36 41 99 21 97 81 8 62 55 45 76 20 47 71 59 12 94 70 9 11 96 53 89 56 65 1 13 24 52 35 15 67 73 58 63 100 46 2 83 6 49 88 4 57 69 77 86 18 72 80 29 31 66 33 37 30 92 43 79 25 16 40 5 50 82 87 10 32 39 14 23 78 44 85 84 61 68 90 48 34 
53 1 24 35 96 13 56 65 89 52 26 91 75 98 19 42 27 22 64 93 7 17 3 54 95 38 60 74 51 28 92 66 31 79 29 25 37 43 30 33 6 100 83 2 15 63 73 58 46 67 81 36 21 55 8 62 99 97 45 41 76 71 70 94 59 9 12 20 11 47 82 87 5 32 14 50 39 10 16 40 48 85 34 90 23 61 68 78 44 84 69 72 49 86 57 80 4 77 88 18 
70 94 59 9 20 71 12 76 11 47 69 80 86 57 18 72 4 88 49 77 90 34 61 48 85 44 84 68 23 78 15 6 46 73 58 2 63 100 67 83 66 43 33 25 92 37 79 29 31 30 39 50 16 82 14 10 87 40 32 5 65 13 53 1 24 35 56 96 89 52 55 99 41 45 8 36 81 62 21 97 54 95 17 7 51 3 74 28 38 60 26 42 64 75 98 91 27 93 22 19 
4 57 69 77 18 88 86 49 72 80 23 61 85 84 34 78 68 48 44 90 50 5 87 16 40 39 14 10 82 32 65 96 52 13 24 56 1 53 35 89 20 70 11 12 76 94 71 59 47 9 92 30 79 29 37 43 31 25 33 66 64 22 27 98 26 93 75 19 42 91 58 46 6 83 63 67 15 100 73 2 21 97 41 36 55 99 62 45 81 8 51 28 38 95 60 3 74 7 54 17 
100 63 58 67 6 73 2 15 83 46 24 52 56 1 96 89 53 13 65 35 93 19 91 22 75 64 98 27 26 42 39 5 87 16 82 40 14 10 50 32 41 62 45 97 81 8 21 55 99 36 38 7 54 51 60 74 3 95 28 17 92 79 43 37 29 30 25 66 33 31 23 61 34 78 84 90 44 68 48 85 88 86 18 77 69 80 4 72 49 57 59 11 76 12 94 47 70 9 71 20 
10 14 82 50 5 16 40 39 32 87 29 31 25 37 66 33 43 79 92 30 9 20 47 71 12 76 94 70 59 11 38 17 3 54 51 95 60 74 7 28 34 68 78 85 44 84 48 23 61 90 49 77 88 69 57 4 80 86 72 18 81 21 62 8 55 36 97 41 45 99 26 91 19 42 98 93 64 27 22 75 13 56 96 35 24 52 53 89 65 1 58 83 15 2 63 46 100 67 73 6 
74 60 51 7 17 54 95 38 28 3 55 99 97 8 41 45 62 21 81 36 67 6 46 73 2 15 63 100 58 83 49 18 80 88 69 86 57 4 77 72 19 27 42 75 64 98 22 26 91 93 65 35 13 24 1 53 52 56 89 96 44 48 68 84 23 90 85 34 78 61 59 47 20 11 94 9 76 70 71 12 79 25 66 30 29 31 43 33 92 37 82 32 39 40 14 87 10 50 16 5 
43 37 29 30 66 79 25 92 33 31 59 47 12 94 20 11 70 71 76 9 77 18 80 88 86 49 57 4 69 72 81 41 99 21 55 97 8 62 36 45 5 10 32 40 39 14 16 82 87 50 44 90 48 23 84 68 61 85 78 34 15 73 100 63 58 67 2 6 83 46 51 3 17 28 60 7 38 74 54 95 22 75 19 93 26 91 27 42 64 98 24 89 65 56 1 52 53 35 13 96 
61 68 8 78 48 36 34 23 85 44 63 39 5 10 16 40 87 67 82 32 33 79 92 35 66 29 43 31 1 25 26 22 64 90 84 19 27 91 42 75 88 80 86 18 69 4 7 60 49 72 59 11 93 98 70 47 76 20 12 71 51 50 3 74 14 28 17 54 95 38 57 65 13 56 53 89 24 52 77 96 9 6 73 83 94 15 46 2 58 100 37 97 55 41 62 81 99 45 30 21 
31 43 1 33 79 35 66 29 25 92 98 76 20 70 71 12 47 93 59 11 72 88 49 7 18 69 4 80 60 86 55 21 81 30 37 41 62 99 45 97 16 87 40 5 82 10 67 63 39 32 23 78 36 8 68 61 44 34 85 48 58 9 46 100 94 83 6 73 2 15 14 38 54 95 74 28 51 3 50 17 90 19 22 42 84 64 91 75 26 27 57 56 24 96 53 65 52 89 77 13 
91 27 84 42 22 90 19 26 75 64 14 38 17 74 54 95 3 50 51 28 45 21 81 30 41 55 62 99 37 97 59 71 76 93 98 20 70 47 11 12 13 52 56 96 24 53 77 57 65 89 58 83 9 94 100 46 15 6 2 73 69 7 80 4 60 72 18 88 86 49 1 92 79 25 43 33 29 31 35 66 67 5 16 32 63 39 87 40 82 10 8 85 23 34 68 44 61 78 36 48 
87 10 63 32 16 67 5 82 40 39 1 92 66 43 79 25 31 35 29 33 11 71 76 93 20 59 70 47 98 12 51 54 38 50 14 17 74 3 28 95 48 61 85 34 23 68 36 8 44 78 69 72 7 60 4 80 49 18 86 88 55 30 99 62 37 45 41 21 97 81 84 64 22 75 27 42 26 91 90 19 77 96 13 89 57 65 52 56 24 53 94 2 58 6 100 15 46 83 9 73 
99 62 37 45 21 30 41 55 97 81 94 15 6 100 73 2 46 9 58 83 89 13 65 77 96 24 53 52 57 56 23 48 44 36 8 34 68 61 78 85 54 3 95 17 51 74 50 14 38 28 26 42 90 84 27 91 64 19 75 22 82 67 87 10 63 32 5 16 40 39 60 49 88 86 4 72 69 80 7 18 93 20 71 11 98 76 47 12 59 70 1 25 29 66 43 92 31 33 35 79 
52 53 57 89 13 77 96 24 56 65 84 64 19 27 22 75 91 90 26 42 28 54 38 50 17 51 74 3 14 95 29 79 92 35 1 66 43 31 33 25 73 46 2 6 58 100 9 94 15 83 55 45 30 37 62 99 81 41 97 21 59 93 47 70 98 11 20 71 12 76 63 39 16 40 10 32 82 87 67 5 36 34 48 78 8 44 61 85 23 68 60 86 69 18 4 49 80 72 7 88 
3 74 14 28 54 50 17 51 95 38 37 81 41 62 21 97 99 30 55 45 83 73 15 9 6 58 100 46 94 2 69 88 49 7 60 18 4 80 72 86 22 91 75 19 26 27 90 84 64 42 24 89 77 57 53 52 65 96 56 13 23 36 61 68 8 78 34 48 85 44 98 76 71 12 70 11 59 47 93 20 35 66 79 33 1 92 31 25 29 43 63 40 82 5 10 39 87 32 67 16 
47 70 98 11 71 93 20 59 12 76 60 49 18 4 88 86 80 7 69 72 78 48 44 36 34 23 68 61 8 85 58 73 15 9 94 6 100 46 83 2 79 31 25 66 29 43 35 1 92 33 82 32 67 63 10 87 39 5 40 16 24 77 52 53 57 89 96 13 56 65 37 81 21 97 62 45 55 99 30 41 50 17 54 28 14 38 3 95 51 74 84 75 26 19 27 64 91 42 90 22 
46 100 94 83 73 9 6 58 2 15 57 65 96 53 13 56 52 77 24 89 42 22 64 90 19 26 27 91 84 75 82 16 39 67 63 5 10 87 32 40 21 99 97 41 55 62 30 37 81 45 51 28 50 14 74 3 38 17 95 54 29 35 31 43 1 33 66 79 25 92 8 44 48 85 68 78 23 61 36 34 7 18 88 72 60 49 80 86 69 4 98 12 59 20 70 76 47 11 93 71 
80 4 60 72 88 7 18 69 86 49 8 44 34 68 48 85 61 36 23 78 32 16 39 67 5 82 10 87 63 40 24 13 65 77 57 96 53 52 89 56 71 47 12 20 59 70 93 98 76 11 29 33 35 1 43 31 92 66 25 79 26 90 91 27 84 42 19 22 75 64 94 15 73 2 100 83 58 46 9 6 30 41 21 45 37 81 99 97 55 62 14 95 51 17 74 38 3 28 50 54 
49 80 74 86 7 28 88 60 18 69 62 23 48 61 36 34 44 45 8 85 40 67 82 83 16 63 87 39 100 5 57 77 24 72 4 13 52 65 56 96 93 76 20 71 98 47 42 27 59 12 1 25 89 53 31 92 29 79 66 35 84 78 64 91 68 75 22 90 19 26 70 58 9 6 46 2 94 15 11 73 33 21 30 97 43 55 81 41 37 99 10 17 14 54 3 51 38 95 32 50 
76 47 27 12 93 42 71 98 20 59 74 69 88 80 7 18 49 28 60 86 85 36 23 45 48 8 61 44 62 34 94 9 58 11 70 73 46 15 2 6 35 92 66 79 1 31 89 53 29 25 63 40 83 100 87 39 82 16 5 67 57 72 65 52 4 56 13 77 96 24 43 55 30 41 99 97 37 81 33 21 32 54 50 95 10 51 38 17 14 3 68 19 84 22 91 26 64 75 78 90 
92 31 53 25 35 89 79 1 66 29 27 59 71 47 93 20 76 42 98 12 86 7 69 28 88 60 80 49 74 18 37 30 55 33 43 21 99 81 97 41 67 39 5 16 63 87 83 100 82 40 8 85 45 62 61 44 23 48 34 36 94 11 15 46 70 2 73 9 6 58 10 51 50 17 3 95 14 38 32 54 78 22 90 75 68 26 64 19 84 91 4 96 57 13 52 24 65 56 72 77 
39 87 100 40 67 83 16 63 5 82 53 29 79 31 35 66 92 89 1 25 12 93 59 42 71 98 47 76 27 20 14 50 51 32 10 54 3 38 95 17 36 44 34 48 8 61 45 62 23 85 60 86 28 74 80 49 69 88 18 7 37 33 81 99 43 97 21 30 41 55 68 26 90 19 91 75 84 64 78 22 72 13 77 56 4 24 65 96 57 52 70 6 94 73 46 58 15 2 11 9 
81 99 43 97 30 33 21 37 41 55 70 58 73 46 9 6 15 11 94 2 56 77 24 72 13 57 52 65 4 96 8 36 23 45 62 48 61 44 85 34 50 38 17 54 14 3 32 10 51 95 84 75 78 68 91 64 26 22 19 90 63 83 39 87 100 40 16 67 5 82 74 69 7 18 80 86 60 49 28 88 42 71 93 12 27 59 76 20 98 47 53 66 1 79 31 29 92 25 89 35 
44 61 62 85 36 45 48 8 34 23 100 82 16 87 67 5 39 83 63 40 25 35 29 89 79 1 31 92 53 66 84 90 26 78 68 22 91 64 75 19 7 49 18 88 60 80 28 74 69 86 98 12 42 27 47 76 59 71 20 93 14 32 38 3 10 95 54 50 17 51 4 24 77 96 52 56 57 65 72 13 11 73 9 2 70 58 15 6 94 46 43 41 37 21 99 55 81 97 33 30 
64 91 68 75 90 78 22 84 19 26 10 51 54 3 50 17 38 32 14 95 97 30 55 33 21 37 99 81 43 41 98 93 59 42 27 71 47 76 12 20 77 65 96 13 57 52 72 4 24 56 94 2 11 70 46 15 58 73 6 9 60 28 49 80 74 86 88 7 18 69 53 29 35 66 31 25 1 92 89 79 83 16 67 40 100 82 39 5 63 87 62 34 8 48 61 23 44 85 45 36 
65 52 4 56 77 72 13 57 96 24 68 26 22 91 90 19 64 78 84 75 95 50 51 32 54 14 3 38 10 17 1 35 29 89 53 79 31 92 25 66 9 15 6 73 94 46 11 70 58 2 37 97 33 43 99 81 55 21 41 30 98 42 76 47 27 12 71 93 20 59 100 82 67 5 87 40 63 39 83 16 45 48 36 85 62 23 44 34 8 61 74 18 60 88 80 69 49 86 28 7 
15 46 70 2 9 11 73 94 6 58 4 24 13 52 77 96 65 72 57 56 75 90 26 78 22 84 91 64 68 19 63 67 82 83 100 16 87 39 40 5 30 81 41 21 37 99 33 43 55 97 14 95 32 10 3 38 51 54 17 50 1 89 92 31 53 25 79 35 66 29 62 23 36 34 61 85 8 44 45 48 28 88 7 86 74 69 49 18 60 80 27 20 98 71 47 59 76 12 42 93 
38 3 10 95 50 32 54 14 17 51 43 55 21 99 30 41 81 33 37 97 2 9 58 11 73 94 46 15 70 6 60 7 69 28 74 88 80 49 86 18 90 64 19 22 84 91 78 68 26 75 57 56 72 4 52 65 24 13 96 77 8 45 44 61 62 85 48 36 34 23 27 59 93 20 47 12 98 76 42 71 89 79 35 25 53 29 92 66 1 31 100 5 63 16 87 82 39 40 83 67 
98 59 64 71 75 19 42 91 93 27 38 74 28 69 95 7 60 17 3 88 48 97 62 41 45 99 23 8 81 36 47 12 70 20 76 11 58 94 73 9 56 1 35 89 52 29 96 65 53 79 46 16 6 15 82 63 100 83 67 2 80 18 57 24 49 13 72 86 77 4 92 43 25 30 55 21 31 37 66 33 5 32 40 54 39 10 14 50 87 51 44 90 61 78 26 68 84 22 34 85 
60 69 38 88 95 17 28 3 7 74 81 62 45 23 97 36 8 41 99 48 16 2 100 6 83 46 82 63 15 67 80 86 4 18 49 72 24 57 13 77 75 98 93 42 91 59 19 64 27 71 52 79 96 65 29 1 53 89 35 56 61 34 84 26 44 22 78 85 90 68 76 70 12 9 58 73 47 94 20 11 66 33 25 21 92 43 37 30 31 55 39 50 87 32 51 10 14 54 5 40 
8 23 81 48 97 41 45 99 36 62 15 100 83 82 2 67 63 6 46 16 79 56 53 96 89 52 29 1 65 35 61 85 68 34 44 78 26 84 22 90 95 60 7 28 3 69 17 38 74 88 91 71 19 64 59 98 27 42 93 75 87 5 14 51 39 54 32 40 50 10 49 4 86 77 24 13 80 57 18 72 20 11 12 73 76 70 94 9 47 58 92 30 31 33 55 43 37 21 66 25 
94 58 76 73 12 20 11 47 9 70 49 4 72 24 86 77 57 18 80 13 22 85 68 34 78 61 26 84 44 90 46 2 100 6 15 83 82 63 16 67 25 37 30 33 31 55 66 92 43 21 87 54 5 39 51 14 10 32 50 40 52 96 1 29 65 79 89 56 35 53 81 62 97 36 23 48 99 8 41 45 17 28 95 88 38 74 60 7 3 69 64 93 91 42 59 27 98 71 19 75 
84 26 44 22 85 34 78 61 90 68 39 10 32 51 40 50 14 5 87 54 21 25 43 66 33 31 55 37 92 30 91 75 27 19 64 42 59 98 71 93 86 57 77 72 80 24 18 49 4 13 47 73 20 76 58 94 70 11 9 12 3 17 60 69 38 88 28 95 7 74 65 53 56 35 29 79 52 1 96 89 6 83 2 16 15 100 63 67 46 82 81 36 99 45 23 62 8 48 41 97 
14 51 39 54 40 5 32 87 50 10 92 43 33 55 25 30 37 66 31 21 73 12 70 20 11 47 58 94 76 9 3 95 74 17 38 28 69 60 88 7 85 84 90 78 61 26 34 44 68 22 80 13 18 49 24 57 4 72 77 86 99 41 8 23 81 48 45 97 36 62 64 27 75 93 59 71 91 98 19 42 96 89 56 79 65 53 1 35 52 29 15 67 46 83 82 100 63 16 6 2 
1 29 65 79 56 96 89 52 35 53 64 27 42 59 75 93 98 19 91 71 88 95 74 17 28 3 69 60 38 7 31 25 43 66 92 33 55 37 21 30 2 63 67 83 46 82 6 15 100 16 99 48 41 81 23 8 62 45 36 97 47 20 94 58 76 73 11 12 9 70 39 10 40 50 51 54 87 14 5 32 34 78 85 22 44 68 84 90 61 26 49 77 80 72 24 4 57 13 18 86 
57 24 49 13 86 18 72 80 77 4 44 68 78 26 85 90 84 34 61 22 54 40 10 5 32 87 51 14 39 50 52 56 53 96 65 89 29 1 79 35 12 94 9 11 47 58 20 76 70 73 31 21 66 92 55 37 43 33 30 25 91 19 98 59 64 71 42 75 93 27 15 100 2 67 82 16 46 63 6 83 41 45 97 48 81 62 8 36 99 23 38 7 3 28 69 74 60 88 17 95 
63 82 15 16 2 6 83 46 67 100 65 53 89 29 56 35 1 96 52 79 71 75 27 19 42 91 59 98 64 93 87 40 10 5 39 32 51 14 54 50 97 8 36 45 99 23 41 81 62 48 3 88 17 38 69 60 74 28 7 95 31 66 37 55 92 21 33 25 30 43 44 68 85 90 26 22 61 84 34 78 18 72 86 13 49 4 57 77 80 24 76 9 47 11 58 70 94 73 20 12 
37 55 92 21 25 66 33 31 30 43 76 70 11 58 12 9 94 20 47 73 13 86 4 18 72 80 24 57 49 77 99 97 62 41 81 45 23 8 48 36 40 14 50 32 87 51 5 39 10 54 61 22 34 44 26 84 68 78 90 85 46 6 63 82 15 16 83 2 67 100 38 74 95 7 69 88 3 60 17 28 19 42 75 71 64 27 98 93 91 59 65 35 52 89 29 53 1 79 96 56 
29 92 52 66 89 56 35 53 79 1 91 98 93 76 42 71 59 75 27 20 18 28 60 95 7 74 49 69 3 88 43 33 37 25 31 30 81 55 41 21 83 82 16 67 100 39 2 46 63 5 62 34 97 99 44 23 8 36 48 45 70 12 58 15 47 6 9 11 73 94 87 14 32 54 38 17 10 51 40 50 85 90 78 19 61 84 26 22 68 64 80 13 4 77 65 57 24 96 86 72 
51 38 87 17 32 40 50 10 54 14 31 37 30 81 33 21 55 25 43 41 6 11 94 12 9 70 15 58 47 73 74 28 60 95 3 7 49 69 18 88 78 26 22 90 68 64 85 61 84 19 4 96 86 80 65 24 57 77 13 72 62 97 23 44 99 34 36 45 48 8 91 98 42 71 76 20 27 59 75 93 56 35 89 66 52 1 29 79 53 92 46 16 100 67 39 63 82 5 2 83 
26 64 61 19 78 85 90 68 22 84 87 14 50 38 32 54 51 40 10 17 41 33 37 25 30 43 81 55 31 21 27 42 98 75 91 93 76 59 20 71 72 24 13 77 4 65 86 80 57 96 70 6 12 47 15 58 94 9 73 11 74 95 69 49 3 18 7 28 88 60 52 1 89 79 92 66 53 29 56 35 2 67 83 5 46 63 82 16 100 39 99 48 62 36 44 8 23 34 97 45 
82 39 46 5 83 2 67 100 16 63 52 1 35 92 89 79 29 56 53 66 20 42 98 75 93 27 76 59 91 71 10 32 14 40 87 50 38 51 17 54 45 23 48 36 62 44 97 99 8 34 74 18 95 3 49 69 60 7 88 28 43 25 55 81 31 41 30 33 21 37 61 84 78 22 64 19 68 26 85 90 86 77 72 96 80 57 24 13 4 65 47 73 70 9 15 94 58 6 12 11 
59 76 91 20 42 75 93 27 71 98 3 60 7 49 28 88 69 95 74 18 34 45 8 97 36 62 44 23 99 48 70 11 94 12 47 9 15 58 6 73 89 29 79 35 53 92 56 52 1 66 100 5 2 46 39 82 63 67 16 83 4 86 24 65 80 96 77 72 13 57 31 37 33 21 81 41 43 55 25 30 40 50 32 17 87 14 51 54 10 38 61 22 68 90 64 84 26 19 85 78 
23 44 99 34 45 97 36 62 48 8 46 63 67 39 83 16 82 2 100 5 66 89 1 56 35 53 92 29 52 79 68 78 84 85 61 90 64 26 19 22 28 69 88 7 74 49 95 3 60 18 27 20 75 91 76 59 98 93 71 42 10 40 51 38 87 17 50 32 54 14 80 57 72 13 65 96 4 24 86 77 12 9 11 6 47 94 58 73 70 15 31 21 43 30 81 37 55 41 25 33 
69 49 3 18 28 95 7 74 88 60 99 8 36 44 45 48 23 97 62 34 5 83 63 2 67 100 39 82 46 16 4 72 57 86 80 77 65 24 96 13 42 59 71 93 27 76 75 91 98 20 53 66 56 52 92 29 1 35 79 89 68 85 26 64 61 19 90 78 22 84 47 94 11 73 15 6 70 58 12 9 25 30 33 41 31 37 55 21 43 81 87 54 10 50 38 14 51 17 40 32 
58 15 47 6 11 12 9 70 73 94 80 57 77 65 72 13 24 86 4 96 19 78 84 85 90 68 64 26 61 22 100 83 63 2 46 67 39 82 5 16 33 55 21 30 43 81 25 31 37 41 10 17 40 87 38 51 14 50 54 32 53 56 29 92 52 66 35 89 79 1 99 8 45 48 44 34 62 23 97 36 95 7 28 18 3 60 69 88 74 49 91 71 27 93 76 98 59 20 75 42 
24 65 80 96 72 86 77 4 13 57 61 84 90 64 78 22 26 85 68 19 17 32 14 40 50 10 38 51 87 54 53 89 1 56 52 35 92 29 66 79 11 58 73 9 70 15 12 47 94 6 43 41 25 31 81 55 37 30 21 33 27 75 59 76 91 20 93 42 71 98 46 63 83 16 39 5 100 82 2 67 97 36 45 34 99 8 23 48 62 44 3 88 74 7 49 60 69 18 95 28 
55 81 31 41 33 25 30 43 21 37 47 94 9 15 11 73 58 12 70 6 96 72 57 86 77 4 65 24 80 13 62 45 8 97 99 36 44 23 34 48 32 51 54 50 10 38 40 87 14 17 68 19 85 61 64 26 84 90 22 78 100 2 82 39 46 5 67 83 16 63 3 60 28 88 49 18 74 69 95 7 75 93 42 20 91 98 59 71 27 76 52 79 53 35 92 1 29 66 56 89 
19 75 78 27 26 84 64 90 91 22 32 54 38 95 51 3 17 14 50 74 62 55 21 37 81 30 97 41 33 99 93 59 71 98 42 76 12 20 70 47 24 96 52 65 77 56 57 72 13 53 9 100 94 11 2 6 73 15 46 58 7 60 18 86 28 4 49 69 80 88 89 79 29 31 25 43 35 66 1 92 63 39 82 10 83 16 5 87 67 40 45 61 36 44 85 48 34 68 8 23 
20 12 42 70 59 98 76 93 47 71 28 88 49 86 69 80 18 60 7 4 68 23 48 8 44 36 85 34 45 61 9 58 73 94 11 15 2 6 100 46 29 66 31 92 35 25 1 89 79 43 67 10 63 83 40 5 16 39 87 82 77 57 96 56 72 53 65 24 52 13 33 21 55 99 97 62 30 41 37 81 14 38 51 74 32 54 17 3 50 95 78 91 90 64 75 22 19 27 84 26 
5 40 83 10 82 63 39 67 87 16 89 79 92 25 29 31 66 1 35 43 70 59 71 98 76 93 12 20 42 47 50 51 54 14 32 38 95 17 74 3 23 34 61 44 36 85 8 45 48 68 7 4 60 28 86 18 88 49 80 69 30 37 41 97 33 62 81 55 99 21 78 22 26 91 75 27 90 19 84 64 57 65 24 53 72 13 96 52 77 56 11 46 9 15 2 73 6 100 94 58 
6 2 11 100 58 94 15 9 46 73 72 13 65 56 24 52 96 57 77 53 27 26 22 84 64 90 75 19 78 91 67 82 16 63 83 39 40 5 10 87 55 41 99 81 30 97 37 33 21 62 50 74 14 32 95 17 54 38 3 51 35 1 66 25 89 43 92 29 31 79 45 48 23 61 85 68 36 34 8 44 60 49 69 4 28 88 18 80 7 86 42 47 93 76 12 71 20 70 98 59 
96 56 72 53 24 57 65 77 52 13 78 22 64 75 26 91 19 84 90 27 74 51 54 14 38 50 95 17 32 3 35 29 79 1 89 92 25 66 43 31 58 6 46 15 9 2 94 11 73 100 30 62 37 33 97 41 21 81 99 55 93 98 20 12 42 70 76 59 47 71 83 16 82 87 40 10 67 5 63 39 8 44 23 68 45 48 34 61 36 85 28 80 7 49 86 88 18 4 60 69 
17 95 32 74 51 14 38 50 3 54 33 21 81 97 55 99 41 37 30 62 100 58 73 94 15 9 2 6 11 46 7 69 88 60 28 49 86 18 4 80 26 19 91 64 90 75 84 78 22 27 77 53 57 72 56 96 13 65 52 24 36 8 34 85 45 68 44 23 61 48 42 71 59 47 12 70 93 20 98 76 1 92 29 43 89 79 66 31 35 25 83 87 67 39 40 16 5 10 63 82 
41 97 33 62 55 37 81 30 99 21 11 73 15 2 58 46 6 94 9 100 53 24 13 57 65 77 56 96 72 52 36 23 48 8 45 44 85 34 68 61 51 17 3 38 50 95 14 32 54 74 90 27 84 78 75 19 22 64 91 26 67 63 5 40 83 10 39 82 87 16 28 88 69 80 86 4 7 18 60 49 98 76 59 70 42 71 20 47 93 12 89 31 35 92 25 79 66 43 1 29 
34 85 45 68 23 8 44 36 61 48 83 16 39 40 82 87 5 63 67 10 43 29 79 1 92 35 25 66 89 31 90 26 22 84 78 64 75 19 27 91 69 18 80 49 7 86 60 28 88 4 93 70 98 42 12 20 71 76 47 59 50 14 17 95 32 74 38 51 3 54 72 13 24 52 56 53 77 96 57 65 94 15 58 100 11 73 6 46 9 2 33 99 30 81 97 21 41 62 37 55 
66 25 89 43 29 1 92 35 31 79 42 71 76 12 59 47 20 98 93 70 4 69 88 60 49 7 86 18 28 80 30 55 21 37 33 81 97 41 62 99 82 5 87 39 67 40 63 83 16 10 36 68 8 45 85 34 48 44 61 23 9 94 6 2 11 100 15 58 46 73 32 54 51 3 95 74 50 17 14 38 84 64 26 27 78 22 19 91 90 75 72 52 77 65 56 13 96 53 57 24 
18 86 28 4 69 60 49 7 80 88 45 48 44 85 23 61 34 8 36 68 10 82 16 63 39 67 40 5 83 87 77 24 13 57 72 65 56 96 53 52 59 20 47 76 93 12 98 42 71 70 35 43 1 89 25 66 79 92 31 29 90 84 19 75 78 27 64 26 91 22 11 73 58 46 2 100 9 6 94 15 37 81 55 62 33 21 41 99 30 97 32 3 50 38 95 54 17 74 14 51 
93 71 19 76 27 91 98 75 59 42 17 28 60 88 74 69 7 3 95 49 44 62 45 99 8 97 48 36 41 23 12 70 11 47 20 94 73 9 15 58 53 35 29 1 56 79 52 96 89 92 2 39 46 6 16 67 83 63 82 100 86 80 77 13 18 65 57 4 24 72 66 33 43 55 21 81 25 30 31 37 87 14 10 38 5 32 50 51 40 54 34 26 85 84 22 78 90 64 61 68 
7 88 17 49 74 3 60 95 69 28 41 45 8 48 62 23 36 99 97 44 39 100 83 46 63 2 16 67 6 82 86 4 72 80 18 57 13 77 65 24 27 93 59 98 75 71 91 19 42 76 56 92 52 96 79 35 89 1 29 53 85 61 90 22 34 64 84 68 26 78 20 11 70 58 73 15 12 9 47 94 31 37 43 81 66 33 30 55 25 21 5 51 40 14 54 32 50 38 87 10 
35 79 96 92 53 52 1 56 29 89 19 42 98 71 27 59 93 91 75 76 49 74 28 3 60 95 88 7 17 69 25 43 33 31 66 37 21 30 81 55 100 67 82 63 2 16 46 6 83 39 97 44 99 41 48 36 45 8 23 62 12 47 9 73 20 15 94 70 58 11 5 32 10 51 54 38 40 50 87 14 61 84 68 64 34 78 90 26 85 22 18 24 86 57 13 72 77 65 80 4 
36 48 41 44 62 99 8 97 23 45 6 83 63 16 100 82 67 46 2 39 92 53 89 52 1 56 79 35 96 29 85 68 78 61 34 84 22 90 64 26 74 7 69 60 95 88 3 17 28 49 75 76 91 19 71 93 42 98 59 27 40 87 50 54 5 38 14 10 51 32 18 72 4 24 13 65 86 77 80 57 47 94 70 15 20 11 9 58 12 73 66 55 25 37 21 33 30 81 31 43 
50 54 5 38 10 87 14 40 51 32 66 33 37 21 43 55 30 31 25 81 15 70 11 47 94 12 73 9 20 58 95 74 28 3 17 60 88 7 49 69 68 90 26 84 85 22 61 34 78 64 86 65 80 18 13 77 72 57 24 4 97 99 36 48 41 44 8 62 23 45 19 42 27 59 71 76 75 93 91 98 52 1 53 92 96 89 35 29 56 79 6 82 2 63 16 83 67 39 46 100 
67 16 6 39 100 46 63 2 82 83 96 89 1 79 53 29 35 52 56 92 76 27 42 91 98 75 71 93 19 59 40 10 32 87 5 14 54 50 38 51 62 36 23 8 97 48 99 41 45 44 95 49 3 17 88 7 28 60 69 74 25 31 30 21 66 81 37 43 55 33 34 78 68 26 22 64 85 90 61 84 80 57 4 65 18 72 77 24 86 13 20 58 12 94 73 11 9 15 47 70 
90 22 34 64 68 61 84 85 26 78 5 32 14 54 10 51 50 87 40 38 81 43 33 31 37 25 21 30 66 55 75 27 42 91 19 98 71 93 76 59 4 77 24 57 86 13 80 18 72 65 12 15 47 20 73 9 11 94 58 70 95 3 7 88 17 49 60 74 69 28 96 89 53 29 79 92 56 35 52 1 46 63 100 39 6 83 67 82 2 16 41 23 97 8 48 45 36 44 99 62 
9 73 20 15 70 47 94 12 58 11 18 72 57 13 4 24 77 80 86 65 64 68 78 61 84 85 22 90 34 26 2 100 83 46 6 63 16 67 39 82 43 30 55 37 25 21 31 66 33 81 40 38 87 5 54 50 32 14 51 10 56 52 35 79 96 92 1 53 29 89 41 45 62 23 48 44 97 36 99 8 3 60 74 49 17 28 7 69 95 88 19 59 75 98 71 42 93 76 91 27 
77 13 18 65 4 80 57 86 24 72 34 78 84 22 68 26 90 61 85 64 38 10 32 87 14 40 54 50 5 51 56 53 89 52 96 1 79 35 92 29 70 9 58 94 12 73 47 20 11 15 25 81 31 66 21 30 33 37 55 43 75 91 93 71 19 76 98 27 59 42 6 83 100 82 16 39 2 67 46 63 99 8 62 44 41 45 36 23 97 48 17 69 95 60 88 28 7 49 3 74 
30 21 66 81 43 31 37 25 55 33 20 11 94 73 70 58 9 47 12 15 65 4 72 80 57 86 13 77 18 24 97 62 45 99 41 8 48 36 44 23 10 50 51 14 40 54 87 5 32 38 85 64 61 34 22 90 78 84 26 68 2 46 67 16 6 39 63 100 82 83 17 28 74 69 88 49 95 7 3 60 91 98 27 76 19 42 93 59 75 71 96 29 56 1 79 89 35 92 52 53 
83 67 73 82 46 15 100 6 63 2 13 56 53 35 52 1 89 65 96 29 59 91 75 64 27 19 93 42 22 98 5 87 40 39 16 10 50 32 51 14 99 45 8 62 41 36 81 21 97 23 17 69 38 54 7 28 95 74 60 3 66 92 33 30 79 55 43 31 37 25 48 85 61 84 90 26 34 78 44 68 49 4 80 24 88 86 72 57 18 77 71 94 20 70 9 12 11 58 76 47 
11 9 71 58 47 76 70 20 94 12 88 86 4 77 80 57 72 49 18 24 26 61 85 44 68 34 90 78 48 84 6 46 2 15 73 100 67 83 82 63 31 33 37 43 66 30 92 79 25 55 5 51 39 16 50 32 40 10 14 87 96 65 89 35 13 29 53 52 1 56 21 97 99 8 36 23 41 45 81 62 38 74 3 69 54 95 28 60 17 7 22 98 19 27 93 75 42 59 64 91 
78 90 48 26 61 44 68 34 84 85 16 40 10 50 87 14 32 39 5 51 55 31 25 92 43 66 30 33 79 37 19 91 75 64 22 27 93 42 59 98 80 72 57 4 18 77 49 88 86 24 20 58 76 71 9 11 12 70 94 47 17 38 28 7 54 69 74 3 60 95 13 56 52 1 35 29 96 89 65 53 15 100 46 82 73 2 83 63 6 67 21 8 41 62 36 97 45 23 81 99 
45 36 21 23 99 81 62 41 8 97 73 2 100 67 46 63 83 15 6 82 29 52 56 65 53 96 35 89 13 1 34 61 85 44 48 68 90 78 26 84 3 28 60 74 17 7 38 54 95 69 19 59 64 22 93 42 75 27 98 91 5 39 32 50 16 51 10 87 14 40 88 86 80 57 77 24 18 72 49 4 76 70 47 58 71 12 11 94 20 9 79 37 66 43 30 25 33 55 92 31 
89 35 13 29 52 65 53 96 1 56 22 75 27 93 91 98 42 64 19 59 69 3 95 38 74 17 7 28 54 60 66 31 25 92 79 43 30 33 55 37 46 83 63 100 6 67 15 73 2 82 41 23 81 21 36 45 97 62 8 99 20 76 11 9 71 58 70 47 94 12 16 40 87 14 50 51 5 32 39 10 44 68 61 26 48 85 78 84 34 90 88 57 18 4 77 86 72 24 49 80 
28 7 54 69 3 38 74 17 60 95 21 97 62 36 99 8 45 81 41 23 82 46 2 15 100 6 67 83 73 63 18 80 86 49 88 4 77 72 24 57 91 42 98 27 19 93 64 22 75 59 96 29 65 13 35 89 56 53 1 52 34 44 78 90 48 26 68 61 84 85 71 12 47 94 9 58 20 11 76 70 92 43 31 55 79 25 33 37 66 30 16 14 5 10 50 40 32 51 39 87 
33 30 79 55 31 92 43 66 37 25 71 12 70 9 47 94 11 76 20 58 24 80 86 49 4 18 77 72 88 57 41 99 97 81 21 62 36 45 23 8 87 32 14 10 5 50 39 16 40 51 34 26 44 48 90 78 85 68 84 61 6 15 83 67 73 82 100 46 63 2 54 95 3 60 7 69 17 28 38 74 64 27 91 59 22 75 42 98 19 93 13 1 96 53 35 56 89 29 65 52 
72 77 88 24 80 49 4 18 57 86 48 85 68 90 61 84 78 44 34 26 51 87 40 39 10 5 50 32 16 14 96 52 56 65 13 53 35 89 29 1 47 11 94 70 20 9 76 71 12 58 66 55 92 79 30 33 25 43 37 31 19 64 42 93 22 59 27 91 98 75 73 2 46 63 67 82 6 83 15 100 81 62 99 23 21 97 45 8 41 36 54 60 17 74 7 95 28 69 38 3 
32 50 16 51 87 39 10 5 14 40 79 25 43 30 31 37 33 92 66 55 58 47 12 76 70 20 9 11 71 94 17 3 95 38 54 74 7 28 69 60 61 78 84 68 34 90 44 48 85 26 18 24 49 88 77 72 86 4 57 80 41 81 45 36 21 23 62 99 8 97 22 75 91 98 93 59 19 42 64 27 65 53 52 29 13 56 89 1 96 35 73 63 6 100 67 2 83 82 15 46 
42 93 22 59 91 64 27 19 98 75 54 95 74 7 3 60 28 38 17 69 23 99 97 81 62 41 36 45 21 8 20 47 12 76 71 70 9 11 58 94 52 89 1 53 96 35 65 13 56 29 6 82 15 73 67 83 2 100 63 46 18 49 72 77 88 24 4 80 57 86 79 25 31 37 30 55 66 33 92 43 39 10 87 51 16 40 32 14 5 50 48 84 34 68 90 85 78 26 44 61 
