16 16
10 4 2 1 7 3 12 11 6 14 15 16 9 13 8 5 
14 15 16 6 13 5 9 8 1 10 4 2 12 7 11 3 
7 11 3 12 14 16 6 15 9 13 8 5 1 10 4 2 
13 8 5 9 10 2 1 4 12 7 11 3 6 14 15 16 
5 13 1 8 2 12 4 10 11 3 7 6 15 16 14 9 
16 14 9 15 5 1 8 13 4 2 10 12 11 3 7 6 
2 10 12 4 3 6 11 7 15 16 14 9 8 5 13 1 
3 7 6 11 16 9 15 14 8 5 13 1 4 2 10 12 
6 3 15 7 9 8 14 16 13 1 5 4 10 12 2 11 
9 16 8 14 1 4 13 5 10 12 2 11 7 6 3 15 
1 5 4 13 12 11 10 2 7 6 3 15 14 9 16 8 
12 2 11 10 6 15 7 3 14 9 16 8 13 1 5 4 
11 12 7 2 15 14 3 6 16 8 9 13 5 4 1 10 
4 1 10 5 11 7 2 12 3 15 6 14 16 8 9 13 
8 9 13 16 4 10 5 1 2 11 12 7 3 15 6 14 
15 6 14 3 8 13 16 9 5 4 1 10 2 11 12 7 
