16 25
12 24 10 19 13 25 3 4 17 8 15 1 14 2 11 5 20 21 23 7 6 22 9 16 18 
1 11 2 15 14 20 5 23 21 7 3 17 8 25 4 22 16 18 6 9 24 19 13 10 12 
18 6 16 22 9 2 15 11 1 14 19 12 13 10 24 3 25 17 4 8 23 5 7 20 21 
21 23 20 5 7 10 19 24 12 13 22 18 9 16 6 15 2 1 11 14 4 3 8 25 17 
17 4 25 3 8 16 22 6 18 9 5 21 7 20 23 19 10 12 24 13 11 15 14 2 1 
14 22 18 2 6 1 20 15 7 11 25 8 24 12 19 16 17 9 3 4 5 10 23 21 13 
7 15 1 20 11 21 10 5 13 23 16 9 4 17 3 2 18 14 22 6 19 25 24 12 8 
13 5 21 10 23 12 25 19 8 24 2 14 6 18 22 20 1 7 15 11 3 16 4 17 9 
9 3 17 16 4 18 2 22 14 6 10 13 23 21 5 25 12 8 19 24 15 20 11 1 7 
8 19 12 25 24 17 16 3 9 4 20 7 11 1 15 10 21 13 5 23 22 2 6 18 14 
6 16 9 18 3 14 1 2 11 22 12 24 5 13 10 17 8 4 25 19 20 21 15 7 23 
24 10 13 12 5 8 17 25 4 19 1 11 22 14 2 21 7 23 20 15 16 18 3 9 6 
4 25 8 17 19 9 18 16 6 3 21 23 15 7 20 12 13 24 10 5 2 1 22 14 11 
23 20 7 21 15 13 12 10 24 5 18 6 3 9 16 1 14 11 2 22 25 17 19 8 4 
11 2 14 1 22 7 21 20 23 15 17 4 19 8 25 18 9 6 16 3 10 12 5 13 24 
19 12 24 8 10 4 9 17 3 25 7 15 2 11 1 13 23 5 21 20 18 14 16 6 22 
22 18 6 14 16 11 7 1 15 2 8 19 10 24 12 9 4 3 17 25 21 13 20 23 5 
5 21 23 13 20 24 8 12 19 10 14 22 16 6 18 7 11 15 1 2 17 9 25 4 3 
3 17 4 9 25 6 14 18 22 16 13 5 20 23 21 8 24 19 12 10 1 7 2 11 15 
15 1 11 7 2 23 13 21 5 20 9 3 25 4 17 14 6 22 18 16 12 8 10 24 19 
10 13 5 24 21 19 4 8 25 12 11 2 18 22 14 23 15 20 7 1 9 6 17 3 16 
20 7 15 23 1 5 24 13 10 21 6 16 17 3 9 11 22 2 14 18 8 4 12 19 25 
16 9 3 6 17 22 11 14 2 18 24 10 21 5 13 4 19 25 8 12 7 23 1 15 20 
25 8 19 4 12 3 6 9 16 17 23 20 1 15 7 24 5 10 13 21 14 11 18 22 2 
2 14 22 11 18 15 23 7 20 1 4 25 12 19 8 6 3 16 9 17 13 24 21 5 10 
