16 36
22 18 12 7 36 27 30 9 21 13 25 23 16 10 31 2 35 1 32 4 5 26 20 28 14 24 29 3 15 11 6 33 17 34 8 19 
20 4 5 26 28 32 12 22 18 7 36 27 34 19 6 8 17 33 23 21 30 13 9 25 2 35 31 10 1 16 29 15 24 11 14 3 
11 29 14 24 3 15 8 34 6 17 19 33 22 36 18 12 7 27 1 31 2 35 16 10 30 13 21 25 23 9 4 32 26 20 5 28 
34 6 8 17 19 33 2 16 31 35 10 1 9 25 21 30 13 23 15 29 14 24 11 3 5 26 4 28 32 20 18 27 7 22 12 36 
16 31 2 35 10 1 14 11 29 24 3 15 20 28 4 5 26 32 33 6 8 17 34 19 12 7 18 36 27 22 21 23 13 9 30 25 
9 21 30 13 25 23 5 20 4 26 28 32 11 3 29 14 24 15 27 18 12 7 22 36 8 17 6 19 33 34 31 1 35 16 2 10 
4 1 26 10 2 16 7 18 15 3 14 11 6 5 32 17 28 20 34 33 13 19 21 8 35 36 27 12 22 31 23 9 25 29 24 30 
29 23 24 25 30 9 17 6 32 28 5 20 18 14 15 7 3 11 22 27 35 36 31 12 13 19 33 8 34 21 1 16 10 4 26 2 
21 33 13 19 8 34 26 4 1 10 2 16 29 30 23 24 25 9 11 15 7 3 18 14 17 28 32 5 20 6 27 22 36 31 35 12 
31 27 35 36 12 22 24 29 23 25 30 9 4 2 1 26 10 16 20 32 17 28 6 5 7 3 15 14 11 18 33 34 19 21 13 8 
18 15 7 3 14 11 13 21 33 19 8 34 31 12 27 35 36 22 16 1 26 10 4 2 24 25 23 30 9 29 32 20 28 6 17 5 
6 32 17 28 5 20 35 31 27 36 12 22 21 8 33 13 19 34 9 23 24 25 29 30 26 10 1 2 16 4 15 11 3 18 7 14 
32 16 28 2 26 4 36 27 11 14 7 18 33 17 20 19 5 6 21 34 25 8 23 13 10 12 22 35 31 1 9 29 30 15 3 24 
33 20 19 5 17 6 10 1 22 12 35 31 23 13 34 25 8 21 29 9 3 30 15 24 28 2 16 26 4 32 11 18 14 27 36 7 
15 9 3 30 24 29 19 33 20 5 17 6 27 7 11 36 14 18 31 22 10 12 1 35 25 8 34 13 21 23 16 4 2 32 28 26 
23 34 25 8 13 21 28 32 16 2 26 4 15 24 9 3 30 29 18 11 36 14 27 7 19 5 20 17 6 33 22 31 12 1 10 35 
1 22 10 12 35 31 3 15 9 30 24 29 32 26 16 28 2 4 6 20 19 5 33 17 36 14 11 7 18 27 34 21 8 23 25 13 
27 11 36 14 7 18 25 23 34 8 13 21 1 35 22 10 12 31 4 16 28 2 32 26 3 30 9 24 29 15 20 6 5 33 19 17 
3 30 29 23 9 24 6 19 5 32 20 17 36 11 14 18 15 7 35 12 31 27 10 22 21 33 8 34 13 25 2 26 1 28 4 16 
28 2 4 1 16 26 18 36 14 15 11 7 19 20 5 6 32 17 13 8 21 33 25 34 31 27 12 22 35 10 30 24 23 3 29 9 
19 5 6 32 20 17 31 10 12 27 22 35 25 34 8 21 33 13 24 30 29 23 3 9 4 1 2 16 26 28 14 7 15 36 18 11 
25 8 21 33 34 13 4 28 2 1 16 26 3 9 30 29 23 24 7 14 18 15 36 11 6 32 5 20 17 19 12 35 27 10 31 22 
36 14 18 15 11 7 21 25 8 33 34 13 10 22 12 31 27 35 26 2 4 1 28 16 29 23 30 9 24 3 5 17 32 19 6 20 
10 12 31 27 22 35 29 3 30 23 9 24 28 16 2 4 1 26 17 5 6 32 19 20 18 15 14 11 7 36 8 13 33 25 21 34 
26 10 16 31 1 2 11 7 3 29 15 14 17 32 28 20 4 5 8 19 34 6 13 33 22 18 36 27 12 35 25 30 21 24 9 23 
7 3 11 29 15 14 34 13 19 6 33 8 35 27 36 22 18 12 2 10 16 31 26 1 9 21 25 23 30 24 28 5 4 17 20 32 
13 19 34 6 33 8 16 26 10 31 1 2 24 23 25 9 21 30 14 3 11 29 7 15 20 4 28 32 5 17 36 12 18 35 22 27 
35 36 22 18 27 12 9 24 25 21 23 30 26 1 10 16 31 2 5 28 20 4 17 32 11 29 3 15 14 7 19 8 6 13 34 33 
17 28 20 4 32 5 22 35 36 18 27 12 13 33 19 34 6 8 30 25 9 21 24 23 16 31 10 1 2 26 3 14 29 7 11 15 
24 25 9 21 23 30 20 17 28 4 32 5 7 15 3 11 29 14 12 36 22 18 35 27 34 6 19 33 8 13 10 2 31 26 16 1 
14 24 15 9 29 3 33 8 17 20 6 19 12 18 7 27 11 36 10 35 1 22 2 31 23 34 13 21 25 30 26 28 16 5 32 4 
2 35 1 22 31 10 15 14 24 9 29 3 5 4 26 32 16 28 19 17 33 20 8 6 27 11 7 18 36 12 13 25 34 30 23 21 
30 13 23 34 21 25 32 5 26 16 4 28 14 29 24 15 9 3 36 7 27 11 12 18 33 20 17 6 19 8 35 10 22 2 1 31 
5 26 32 16 4 28 27 12 7 11 18 36 8 6 17 33 20 19 25 13 23 34 30 21 1 22 35 31 10 2 24 3 9 14 15 29 
8 17 33 20 6 19 1 2 35 22 31 10 30 21 13 23 34 25 3 24 15 9 14 29 32 16 26 4 28 5 7 36 11 12 27 18 
12 7 27 11 18 36 23 30 13 34 21 25 2 31 35 1 22 10 28 26 32 16 5 4 15 9 24 29 3 14 17 19 20 8 33 6 
