16 49
37 7 19 17 26 24 41 39 15 6 3 45 23 46 33 18 32 16 29 12 25 35 36 38 47 13 28 4 48 43 21 40 31 2 20 49 34 22 14 9 30 5 44 1 8 11 27 42 10 
36 35 13 38 4 47 28 19 7 26 41 17 37 24 44 42 8 10 11 1 27 30 49 34 5 9 14 22 12 32 16 29 33 25 18 31 20 43 48 2 21 40 23 3 6 46 39 45 15 
23 15 39 45 6 46 3 27 10 8 1 42 44 11 31 20 43 21 40 48 2 7 37 17 24 19 41 26 14 22 30 5 49 9 34 36 38 4 28 13 35 47 33 12 32 29 25 18 16 
49 30 9 34 22 5 14 13 35 4 28 38 36 47 23 45 6 15 46 3 39 21 31 20 40 2 48 43 1 8 10 11 44 27 42 33 18 32 12 25 16 29 37 41 26 24 19 17 7 
44 10 27 42 8 11 1 25 16 32 12 18 33 29 49 34 22 30 5 14 9 15 23 45 46 39 3 6 28 4 35 47 36 13 38 37 17 26 41 19 7 24 31 48 43 40 2 20 21 
33 16 25 18 32 29 12 2 21 43 48 20 31 40 36 38 4 35 47 28 13 10 44 42 11 27 1 8 41 26 7 24 37 19 17 23 45 6 3 39 15 46 49 14 22 5 9 34 30 
31 21 2 20 43 40 48 9 30 22 14 34 49 5 37 17 26 7 24 41 19 16 33 18 29 25 12 32 3 6 15 46 23 39 45 44 42 8 1 27 10 11 36 28 4 47 13 38 35 
5 14 22 30 34 9 31 4 28 38 49 35 47 13 46 15 45 3 39 37 6 48 40 21 2 43 33 20 23 42 1 27 11 8 10 29 16 18 44 32 12 25 24 36 17 19 26 7 41 
47 28 4 35 38 13 49 26 41 17 36 7 24 19 11 10 42 1 27 23 8 14 5 30 9 22 31 34 44 18 12 25 29 32 16 40 21 20 33 43 48 2 46 37 45 39 6 15 3 
40 48 43 21 20 2 33 22 14 34 31 30 5 9 24 7 17 41 19 36 26 12 29 16 25 32 44 18 37 45 3 39 46 6 15 11 10 42 23 8 1 27 47 49 38 13 4 35 28 
29 12 32 16 18 25 44 43 48 20 33 21 40 2 47 35 38 28 13 49 4 1 11 10 27 8 23 42 36 17 41 19 24 26 7 46 15 45 37 6 3 39 5 31 34 9 22 30 14 
11 1 8 10 42 27 23 32 12 18 44 16 29 25 5 30 34 14 9 31 22 3 46 15 39 6 37 45 49 38 28 13 47 4 35 24 7 17 36 26 41 19 40 33 20 2 43 21 48 
46 3 6 15 45 39 37 8 1 42 23 10 11 27 40 21 20 48 2 33 43 41 24 7 19 26 36 17 31 34 14 9 5 22 30 47 35 38 49 4 28 13 29 44 18 25 32 16 12 
24 41 26 7 17 19 36 6 3 45 37 15 46 39 29 16 18 12 25 44 32 28 47 35 13 4 49 38 33 20 48 2 40 43 21 5 30 34 31 22 14 9 11 23 42 27 8 10 1 
34 2 14 40 31 30 43 28 9 49 22 5 38 35 45 24 37 19 15 26 3 25 20 29 21 48 32 33 6 23 39 10 42 1 46 18 11 44 8 12 27 16 17 4 36 7 41 47 13 
17 13 41 47 36 7 4 3 19 37 26 24 45 15 18 11 44 27 16 8 12 9 38 5 35 28 22 49 32 33 25 21 20 48 29 34 40 31 43 14 2 30 42 6 23 10 1 46 39 
45 19 3 24 37 15 26 1 39 23 6 46 42 10 20 29 33 25 21 32 48 13 17 47 7 41 4 36 43 31 2 30 34 14 40 38 5 49 22 28 9 35 18 8 44 16 12 11 27 
42 39 1 46 23 10 6 12 27 44 8 11 18 16 34 40 31 2 30 43 14 19 45 24 15 3 26 37 22 49 9 35 38 28 5 17 47 36 4 41 13 7 20 32 33 21 48 29 25 
38 9 28 5 49 35 22 41 13 36 4 47 17 7 42 46 23 39 10 6 1 2 34 40 30 14 43 31 8 44 27 16 18 12 11 20 29 33 32 48 25 21 45 26 37 15 3 24 19 
20 25 48 29 33 21 32 14 2 31 43 40 34 30 17 47 36 13 7 4 41 27 18 11 16 12 8 44 26 37 19 15 45 3 24 42 46 23 6 1 39 10 38 22 49 35 28 5 9 
18 27 12 11 44 16 8 48 25 33 32 29 20 21 38 5 49 9 35 22 28 39 42 46 10 1 6 23 4 36 13 7 17 41 47 45 24 37 26 3 19 15 34 43 31 30 14 40 2 
7 4 36 13 47 41 38 37 26 24 17 19 15 3 16 27 11 8 12 42 44 22 35 9 28 49 34 5 18 29 32 48 21 33 25 30 2 40 20 31 43 14 10 45 46 1 23 39 6 
35 22 49 9 5 28 34 36 4 47 38 13 7 41 10 39 46 6 1 45 23 43 30 2 14 31 20 40 42 11 8 12 16 44 27 21 25 29 18 33 32 48 15 17 24 3 37 19 26 
30 43 31 2 40 14 20 49 22 5 34 9 35 28 15 19 24 26 3 17 37 32 21 25 48 33 18 29 45 46 6 1 10 23 39 16 27 11 42 44 8 12 7 38 47 41 36 13 4 
15 26 37 19 24 3 17 23 6 46 45 39 10 1 21 25 29 32 48 18 33 4 7 13 41 36 38 47 20 40 43 14 30 31 2 35 9 5 34 49 22 28 16 42 11 12 44 27 8 
10 6 23 39 46 1 45 44 8 11 42 27 16 12 30 2 40 43 14 20 31 26 15 19 3 37 17 24 34 5 22 28 35 49 9 7 13 47 38 36 4 41 21 18 29 48 33 25 32 
16 8 44 27 11 12 42 33 32 29 18 25 21 48 35 9 5 22 28 34 49 6 10 39 1 23 45 46 38 47 4 41 7 36 13 15 19 24 17 37 26 3 30 20 40 14 31 2 43 
21 32 33 25 29 48 18 31 43 40 20 2 30 14 7 13 47 4 41 38 36 8 16 27 12 44 42 11 17 24 26 3 15 37 19 10 39 46 45 23 6 1 35 34 5 28 49 9 22 
4 5 35 49 28 38 9 7 47 41 13 36 26 17 8 23 1 46 42 39 10 40 22 31 34 30 2 14 27 12 11 18 32 16 44 43 33 48 25 21 29 20 6 19 3 45 15 37 24 
8 46 10 23 1 42 39 16 11 12 27 44 32 18 22 31 14 40 34 2 30 24 6 37 45 15 19 3 9 28 5 38 4 35 49 26 36 41 13 7 47 17 43 25 48 20 21 33 29 
22 40 30 31 14 34 2 35 5 28 9 49 4 38 6 37 3 24 45 19 15 29 43 33 20 21 25 48 39 1 46 42 8 10 23 32 44 12 27 16 11 18 26 13 41 17 7 36 47 
32 11 16 44 12 18 27 21 29 48 25 33 43 20 4 49 28 5 38 9 35 46 8 23 42 10 39 1 13 41 47 17 26 7 36 6 37 3 19 15 24 45 22 2 14 34 30 31 40 
26 47 7 36 41 17 13 15 24 3 19 37 6 45 32 44 12 11 18 27 16 5 4 49 38 35 9 28 25 48 29 20 43 21 33 22 31 14 2 30 40 34 8 39 1 42 10 23 46 
6 24 15 37 3 45 19 10 46 1 39 23 8 42 43 33 48 29 20 25 21 47 26 36 17 7 13 41 2 14 40 34 22 30 31 4 49 28 9 35 5 38 32 27 12 18 16 44 11 
43 29 21 33 48 20 25 30 40 14 2 31 22 34 26 36 41 47 17 13 7 11 32 44 18 16 27 12 19 3 24 45 6 15 37 8 23 1 39 10 46 42 4 9 28 38 35 49 5 
39 37 45 3 15 6 24 42 23 10 46 1 27 8 2 48 21 33 43 29 20 36 19 41 26 17 47 7 40 30 31 22 9 34 14 13 28 35 5 38 49 4 25 11 16 32 18 12 44 
9 31 34 14 30 22 40 38 49 35 5 28 13 4 39 3 15 37 6 24 45 33 2 48 43 20 29 21 46 10 23 8 27 42 1 25 12 16 11 18 44 32 19 47 7 26 17 41 36 
25 44 18 12 16 32 11 20 33 21 29 48 2 43 13 28 35 49 4 5 38 23 27 1 8 42 46 10 47 7 36 26 19 17 41 39 3 15 24 45 37 6 9 40 30 22 34 14 31 
19 36 17 41 7 26 47 45 37 15 24 3 39 6 25 12 16 44 32 11 18 49 13 28 4 38 5 35 29 21 33 43 2 20 48 9 14 30 40 34 31 22 27 46 10 8 42 1 23 
13 49 38 28 35 4 5 17 36 7 47 41 19 26 27 1 10 23 8 46 42 31 9 14 22 34 40 30 11 16 44 32 25 18 12 2 48 21 29 20 33 43 39 24 15 6 45 3 37 
27 23 42 1 10 8 46 18 44 16 11 12 25 32 9 14 30 31 22 40 34 37 39 3 6 45 24 15 5 35 49 4 13 38 28 19 41 7 47 17 36 26 2 29 21 43 20 48 33 
2 33 20 48 21 43 29 34 31 30 40 14 9 22 19 41 7 36 26 47 17 44 25 12 32 18 11 16 24 15 37 6 39 45 3 27 1 10 46 42 23 8 13 5 35 4 38 28 49 
14 20 40 43 2 31 21 5 34 9 30 22 28 49 3 26 19 17 37 7 24 18 48 32 33 29 16 25 15 39 45 23 1 46 6 12 8 27 10 11 42 44 41 35 13 36 47 4 38 
28 34 5 22 9 49 30 47 38 13 35 4 41 36 1 6 39 45 23 15 46 20 14 43 31 40 21 2 10 27 42 44 12 11 8 48 32 25 16 29 18 33 3 7 19 37 24 26 17 
1 45 46 6 39 23 15 11 42 27 10 8 12 44 14 43 2 20 31 21 40 17 3 26 37 24 7 19 30 9 34 49 28 5 22 41 4 13 35 47 38 36 48 16 25 33 29 32 18 
41 38 47 4 13 36 35 24 17 19 7 26 3 37 12 8 27 42 44 10 11 34 28 22 49 5 30 9 16 25 18 33 48 29 32 14 43 2 21 40 20 31 1 15 39 23 46 6 45 
12 42 11 8 27 44 10 29 18 25 16 32 48 33 28 22 9 34 49 30 5 45 1 6 23 46 15 39 35 13 38 36 41 47 4 3 26 19 7 24 17 37 14 21 2 31 40 43 20 
48 18 29 32 25 33 16 40 20 2 21 43 14 31 41 4 13 38 36 35 47 42 12 8 44 11 10 27 7 19 17 37 3 24 26 1 6 39 15 46 45 23 28 30 9 49 5 22 34 
3 17 24 26 19 37 7 46 45 39 15 6 1 23 48 32 25 18 33 16 29 38 41 4 36 47 35 13 21 2 20 31 14 40 43 28 22 9 30 5 34 49 12 10 27 44 11 8 42 
