16 64
25 14 9 29 63 45 53 43 6 54 34 36 15 47 5 41 10 49 32 2 18 1 48 37 39 7 27 38 62 13 52 61 23 57 12 16 51 8 24 60 56 19 31 21 26 33 28 4 35 22 42 11 40 58 44 64 30 59 46 3 17 55 20 50 
61 27 62 39 52 13 38 7 4 56 26 19 21 31 33 28 53 45 9 43 25 29 14 63 40 35 64 22 44 58 42 11 3 59 30 55 20 50 17 46 24 16 12 8 60 51 23 57 2 10 37 18 1 49 32 48 47 6 34 41 54 36 5 15 
18 48 32 1 37 49 10 2 59 17 46 55 50 30 20 3 22 58 44 35 11 40 64 42 29 43 14 53 9 45 63 25 28 4 31 19 33 21 56 26 54 36 47 15 34 5 41 6 7 38 52 61 39 13 62 27 12 57 60 23 24 16 51 8 
51 23 16 8 60 24 12 57 7 13 52 62 39 38 61 27 31 56 19 4 33 21 28 26 50 59 3 30 55 17 46 20 48 2 10 32 18 1 49 37 58 44 22 40 42 11 64 35 6 47 34 5 15 54 36 41 53 43 63 14 45 9 25 29 
33 28 19 21 26 56 31 4 43 45 63 9 29 53 25 14 47 54 36 6 5 15 41 34 8 57 23 12 16 24 60 51 64 35 22 44 11 40 58 42 13 62 38 39 52 61 27 7 59 30 46 20 50 17 55 3 10 2 37 48 49 32 18 1 
11 64 44 40 42 58 22 35 57 24 60 16 8 12 51 23 38 13 62 7 61 39 27 52 1 2 48 10 32 49 37 18 41 6 47 36 5 15 54 34 17 55 30 50 46 20 3 59 43 53 63 25 29 45 9 14 31 4 26 28 56 19 33 21 
20 3 55 50 46 17 30 59 35 58 42 44 40 22 11 64 12 24 16 57 51 8 23 60 15 6 41 47 36 54 34 5 14 43 53 9 25 29 45 63 49 32 10 1 37 18 48 2 4 31 26 33 21 56 19 28 38 7 52 27 13 62 61 39 
5 41 36 15 34 54 47 6 2 49 37 32 1 10 18 48 30 17 55 59 20 50 3 46 21 4 28 31 19 56 26 33 27 7 38 62 61 39 13 52 45 9 53 29 63 25 14 43 57 12 60 51 8 24 16 23 22 35 42 64 58 44 11 40 
62 39 38 52 13 61 59 27 28 33 56 31 26 35 19 21 57 25 53 14 9 63 29 45 42 64 40 6 22 11 58 44 50 3 43 30 55 46 20 17 51 12 2 60 24 16 8 23 48 4 49 32 37 18 10 1 7 41 54 15 5 47 36 34 
32 1 10 37 49 18 4 48 3 20 17 30 46 43 55 50 6 11 22 64 44 42 40 58 63 14 29 57 53 25 45 9 21 28 35 31 19 26 33 56 5 47 7 34 54 36 15 41 27 59 13 62 52 61 38 39 2 23 24 8 51 12 16 60 
36 15 47 34 54 5 7 41 48 18 49 10 37 4 32 1 43 20 30 3 55 46 50 17 26 28 21 35 31 33 56 19 39 27 59 38 62 52 61 13 25 53 57 63 45 9 29 14 23 2 24 16 60 51 12 8 6 64 58 40 11 22 44 42 
44 40 22 42 58 11 6 64 23 51 24 12 60 2 16 8 59 61 38 27 62 52 39 13 37 48 1 4 10 18 49 32 15 41 7 47 36 34 5 54 20 30 43 46 17 55 50 3 14 57 45 9 63 25 53 29 35 28 56 21 33 31 19 26 
9 29 53 63 45 25 57 14 41 5 54 47 34 7 36 15 4 18 10 48 32 37 1 49 52 27 39 59 38 61 13 62 8 23 2 12 16 60 51 24 33 31 35 26 56 19 21 28 64 6 58 44 42 11 22 40 43 3 17 50 20 30 55 46 
19 21 31 26 56 33 35 28 14 25 45 53 63 57 9 29 7 5 47 41 36 34 15 54 60 23 8 2 12 51 24 16 40 64 6 22 44 42 11 58 61 38 59 52 13 62 39 27 3 43 17 55 46 20 30 50 4 48 49 1 18 10 32 37 
55 50 30 46 17 20 43 3 64 11 58 22 42 6 44 40 2 51 12 23 16 60 8 24 34 41 15 7 47 5 54 36 29 14 57 53 9 63 25 45 18 10 4 37 49 32 1 48 28 35 56 19 26 33 31 21 59 27 13 39 61 38 62 52 
16 8 12 60 24 51 2 23 27 61 13 38 52 59 62 39 35 33 31 28 19 26 21 56 46 3 50 43 30 20 17 55 1 48 4 10 32 37 18 49 11 22 6 42 58 44 40 64 41 7 54 36 34 5 47 15 57 14 45 29 25 53 9 63 
60 53 24 57 23 8 51 9 36 39 27 13 7 61 52 47 33 21 56 32 26 4 10 28 59 62 38 20 17 50 3 46 12 16 18 49 37 2 1 48 40 58 11 35 64 42 31 19 44 5 41 34 6 15 54 22 25 55 14 30 29 45 63 43 
34 22 54 6 41 15 5 44 16 1 48 49 2 18 37 12 20 50 17 62 46 59 38 3 4 32 10 33 56 21 28 26 47 36 61 13 52 7 39 27 29 45 25 43 14 63 30 55 9 51 23 60 57 8 24 53 11 19 64 31 40 58 42 35 
63 30 45 43 14 29 25 55 44 15 41 54 6 5 34 22 18 1 49 16 37 2 12 48 7 36 47 61 13 39 27 52 53 9 51 24 60 57 8 23 21 56 33 4 28 26 10 32 19 11 64 42 35 40 58 31 20 62 3 38 50 17 46 59 
52 47 13 7 27 39 61 36 32 21 28 56 4 33 26 10 25 29 45 55 63 43 30 14 35 19 31 11 58 40 64 42 38 62 20 17 46 59 50 3 8 24 51 57 23 60 53 9 16 18 48 37 2 1 49 12 5 44 41 22 15 54 34 6 
26 10 56 4 28 21 33 32 55 29 14 45 43 25 63 30 5 15 54 44 34 6 22 41 57 9 53 51 24 8 23 60 31 19 11 58 42 35 40 64 39 13 61 7 27 52 47 36 62 20 3 46 59 50 17 38 18 16 48 12 1 49 37 2 
37 12 49 2 48 1 18 16 62 50 3 17 59 20 46 38 11 40 58 19 42 35 31 64 43 55 30 25 45 29 14 63 10 32 33 56 26 4 21 28 15 54 5 6 41 34 22 44 36 61 27 52 7 39 13 47 51 9 23 53 8 24 60 57 
46 38 17 59 3 50 20 62 19 40 64 58 35 11 42 31 51 8 24 9 60 57 53 23 6 44 22 5 54 15 41 34 30 55 25 45 63 43 29 14 1 49 18 2 48 37 12 16 32 33 28 26 4 21 56 10 61 36 27 47 39 13 52 7 
42 31 58 35 64 40 11 19 9 8 23 24 57 51 60 53 61 39 13 36 52 7 47 27 2 16 12 18 49 1 48 37 22 44 5 54 34 6 15 41 50 17 20 59 3 46 38 62 55 25 14 63 43 29 45 30 33 32 28 10 21 56 26 4 
10 37 4 49 18 32 28 1 50 55 20 43 17 14 30 46 41 44 6 40 22 58 42 11 45 29 63 23 57 9 25 53 26 21 64 35 31 56 19 33 36 7 27 54 5 47 34 15 39 3 61 38 13 62 59 52 48 8 51 60 16 2 12 24 
22 42 6 58 11 44 41 40 8 16 51 2 24 48 12 60 3 62 59 39 38 13 52 61 49 1 37 28 4 32 18 10 34 15 27 7 47 54 36 5 55 43 14 17 20 30 46 50 29 23 25 53 45 9 57 63 64 21 33 26 19 35 31 56 
31 26 35 56 33 19 64 21 29 9 25 57 45 23 53 63 27 36 7 15 47 54 34 5 24 8 60 48 2 16 51 12 42 40 41 6 22 58 44 11 62 59 3 13 61 38 52 39 50 14 20 30 17 55 43 46 28 1 18 37 32 4 10 49 
53 63 57 45 25 9 23 29 15 36 5 7 54 27 47 34 28 32 4 1 10 49 37 18 13 39 52 3 59 62 61 38 60 8 48 2 12 24 16 51 19 35 64 56 33 31 26 21 40 41 11 22 58 44 6 42 14 50 20 46 55 43 30 17 
38 52 59 13 61 62 3 39 21 19 33 35 56 64 31 26 23 9 57 29 53 45 63 25 58 40 42 41 6 44 11 22 46 50 14 43 30 17 55 20 16 2 48 24 51 12 60 8 1 28 18 10 49 32 4 37 27 15 5 34 36 7 47 54 
12 60 2 24 51 16 48 8 39 62 61 59 13 3 38 52 64 19 35 21 31 56 26 33 17 50 46 14 43 55 20 30 37 1 28 4 10 49 32 18 44 6 41 58 11 22 42 40 15 27 5 47 54 36 7 34 23 29 25 63 9 57 53 45 
30 46 43 17 20 55 14 50 40 44 11 6 58 41 22 42 48 16 2 8 12 24 60 51 54 15 34 27 7 36 5 47 63 29 23 57 53 45 9 25 32 4 28 49 18 10 37 1 21 64 33 31 56 19 35 26 3 39 61 52 62 59 38 13 
47 34 7 54 5 36 27 15 1 32 18 4 49 28 10 37 14 55 43 50 30 17 46 20 56 21 26 64 35 19 33 31 52 39 3 59 38 13 62 61 9 57 23 45 25 53 63 29 8 48 51 12 24 16 2 60 41 40 11 42 44 6 22 58 
50 62 46 38 59 3 17 61 33 64 35 42 31 58 40 19 24 23 60 25 8 53 9 57 22 11 44 54 34 41 6 15 55 20 45 63 29 30 14 43 48 37 49 12 2 1 16 51 18 56 4 21 10 28 26 32 13 5 7 36 27 52 39 47 
39 36 52 47 7 27 13 5 18 28 4 26 10 56 21 32 45 14 63 20 29 30 55 43 31 33 19 58 42 64 35 40 62 61 17 46 50 38 3 59 23 60 24 53 57 8 9 25 51 49 2 1 12 48 37 16 54 11 6 44 41 34 15 22 
21 32 26 10 4 28 56 18 20 14 43 63 30 45 29 55 54 41 34 11 15 22 44 6 53 25 9 24 60 23 57 8 19 33 58 42 40 31 64 35 27 52 13 47 7 39 36 5 61 17 59 50 38 3 46 62 49 51 2 16 48 37 1 12 
1 16 37 12 2 48 49 51 61 3 59 46 38 17 50 62 58 64 42 33 40 31 19 35 30 20 55 45 63 14 43 29 32 18 56 26 21 10 28 4 41 34 54 22 6 15 44 11 5 13 7 39 47 27 52 36 24 25 57 9 23 60 8 53 
15 44 34 22 6 41 54 11 51 48 2 37 12 49 1 16 17 3 46 61 50 38 62 59 10 18 32 56 26 28 4 21 36 5 13 52 39 47 27 7 14 63 45 30 43 29 55 20 25 24 57 8 53 23 60 9 58 33 35 19 64 42 40 31 
8 9 60 53 57 23 24 25 5 27 7 52 47 13 39 36 56 28 26 18 21 10 32 4 38 61 62 17 46 3 59 50 16 51 49 37 1 12 48 2 64 42 58 31 35 40 19 33 11 54 6 15 22 41 34 44 45 20 43 55 14 63 29 30 
29 55 63 30 43 14 45 20 11 41 6 34 22 54 15 44 49 48 37 51 1 12 16 2 47 5 36 13 52 27 7 39 9 25 24 60 8 53 23 57 28 26 56 10 4 21 32 18 33 58 35 40 31 64 42 19 17 61 59 62 3 46 50 38 
40 19 42 31 35 64 58 33 25 23 57 60 53 24 8 9 13 27 52 5 39 47 36 7 12 51 16 49 37 48 2 1 44 11 54 34 15 22 41 6 3 46 17 38 59 50 62 61 20 45 43 29 30 14 63 55 56 18 4 32 28 26 21 10 
27 5 39 36 47 7 52 54 49 4 10 21 32 26 28 18 63 43 29 17 14 55 20 30 19 56 33 42 40 35 31 64 61 13 46 50 3 62 59 38 57 8 60 9 53 23 25 45 24 37 12 48 16 2 1 51 34 58 22 11 6 15 41 44 
64 33 40 19 31 35 42 56 45 57 53 8 9 60 23 25 52 7 39 54 27 36 5 47 16 24 51 37 1 2 12 48 11 58 34 15 41 44 6 22 59 50 46 62 38 3 61 13 17 63 30 14 55 43 29 20 26 49 10 18 4 21 28 32 
3 61 50 62 38 59 46 13 56 35 31 40 19 42 64 33 60 57 8 45 23 9 25 53 44 58 11 34 15 6 22 41 20 17 63 29 14 55 43 30 2 1 37 16 12 48 51 24 49 26 10 28 32 4 21 18 52 54 47 5 7 39 27 36 
23 25 8 9 53 57 60 45 54 7 47 39 36 52 27 5 26 4 21 49 28 32 18 10 62 13 61 46 50 59 38 3 51 24 37 1 48 16 2 12 35 40 42 19 31 64 33 56 58 34 22 41 44 6 15 11 63 17 30 20 43 29 14 55 
48 51 1 16 12 2 37 24 13 59 38 50 62 46 3 61 42 35 40 56 64 19 33 31 55 17 20 63 29 43 30 14 18 49 26 21 28 32 4 10 6 15 34 44 22 41 11 58 54 52 47 27 36 7 39 5 60 45 53 25 57 8 23 9 
14 20 29 55 30 43 63 17 58 6 22 15 44 34 41 11 37 2 1 24 48 16 51 12 36 54 5 52 39 7 47 27 25 45 60 8 23 9 57 53 4 21 26 32 10 28 18 49 56 42 31 64 19 35 40 33 46 13 38 61 59 50 3 62 
28 18 21 32 10 4 26 49 17 43 30 29 55 63 14 20 34 6 15 58 41 44 11 22 9 45 25 60 8 57 53 23 33 56 42 40 64 19 35 31 7 39 52 36 47 27 5 54 13 46 38 3 62 59 50 61 37 24 12 51 2 1 48 16 
41 11 15 44 22 6 34 58 24 2 12 1 16 37 48 51 46 59 50 13 3 62 61 38 32 49 18 26 21 4 10 28 5 54 52 39 27 36 7 47 43 29 63 55 30 14 20 17 45 60 53 23 9 57 8 25 42 56 31 33 35 40 64 19 
17 59 20 3 50 46 55 38 31 42 40 11 64 44 58 35 16 60 51 53 24 23 57 8 41 22 6 36 5 34 15 54 43 30 9 25 45 14 63 29 37 18 32 48 1 49 2 12 10 19 21 56 28 26 33 4 62 47 39 7 52 61 13 27 
13 7 61 27 39 52 62 47 10 26 21 33 28 19 56 4 9 63 25 30 45 14 43 29 64 31 35 44 11 42 40 58 59 38 55 20 17 3 46 50 60 51 16 23 8 24 57 53 12 32 1 49 48 37 18 2 36 22 15 6 34 5 54 41 
54 6 5 41 15 34 36 22 12 37 1 18 48 32 49 2 55 46 20 38 17 3 59 50 28 10 4 19 33 26 21 56 7 47 62 61 13 27 52 39 63 25 9 14 29 45 43 30 53 16 8 24 23 60 51 57 44 31 40 35 42 11 58 64 
49 2 18 48 1 37 32 12 38 46 50 20 3 55 17 59 44 42 11 31 58 64 35 40 14 30 43 9 25 63 29 45 4 10 19 33 56 28 26 21 34 5 36 41 15 54 6 22 47 62 39 13 27 52 61 7 16 53 8 57 60 51 24 23 
58 35 11 64 40 42 44 31 53 60 8 51 23 16 24 57 62 52 61 47 13 27 7 39 48 12 2 32 18 37 1 49 6 22 36 5 54 41 34 15 46 20 55 3 50 17 59 38 30 9 29 45 14 63 25 43 19 10 21 4 26 33 56 28 
24 57 51 23 8 60 16 53 47 52 39 61 27 62 13 7 19 26 33 10 56 28 4 21 3 38 59 55 20 46 50 17 2 12 32 18 49 48 37 1 42 11 44 64 40 58 35 31 22 36 15 54 41 34 5 6 9 30 29 43 63 25 45 14 
56 4 33 28 21 26 19 10 30 63 29 25 14 9 45 43 36 34 5 22 54 41 6 15 23 53 57 16 51 60 8 24 35 31 44 11 58 64 42 40 52 61 62 27 39 13 7 47 38 55 50 17 3 46 20 59 32 12 1 2 37 18 49 48 
45 43 25 14 29 63 9 30 22 34 15 5 41 36 54 6 32 37 18 12 49 48 2 1 27 47 7 62 61 52 39 13 57 53 16 51 24 23 60 8 26 33 19 28 21 56 4 10 31 44 40 58 64 42 11 35 55 38 50 59 46 20 17 3 
6 58 41 11 44 22 15 42 60 12 16 48 51 1 2 24 50 38 3 52 59 61 13 62 18 37 49 21 28 10 32 4 54 34 39 27 7 5 47 36 30 14 29 20 55 43 17 46 63 8 9 57 25 53 23 45 40 26 19 56 31 64 35 33 
59 13 3 61 62 38 50 52 26 31 19 64 33 40 35 56 8 53 23 63 57 25 45 9 11 42 58 15 41 22 44 6 17 46 29 14 43 20 30 55 12 48 1 51 16 2 24 60 37 21 32 4 18 10 28 49 39 34 36 54 47 27 7 5 
4 49 28 18 32 10 21 37 46 30 55 14 20 29 43 17 15 22 41 42 6 11 58 44 25 63 45 8 23 53 9 57 56 26 40 64 35 33 31 19 47 27 39 5 36 7 54 34 52 50 62 59 61 38 3 13 1 60 16 24 12 48 2 51 
35 56 64 33 19 31 40 26 63 53 9 23 25 8 57 45 39 47 27 34 7 5 54 36 51 60 24 1 48 12 16 2 58 42 15 41 6 11 22 44 38 3 50 61 62 59 13 52 46 29 55 43 20 30 14 17 21 37 32 49 10 28 4 18 
43 17 14 20 55 30 29 46 42 22 44 41 11 15 6 58 1 12 48 60 2 51 24 16 5 34 54 39 27 47 36 7 45 63 8 23 57 25 53 9 10 28 21 18 32 4 49 37 26 40 19 35 33 31 64 56 50 52 62 13 38 3 59 61 
2 24 48 51 16 12 1 60 52 38 62 3 61 50 59 13 40 31 64 26 35 33 56 19 20 46 17 29 14 30 55 43 49 37 21 28 4 18 10 32 22 41 15 11 44 6 58 42 34 39 36 7 5 47 27 54 8 63 9 45 53 23 57 25 
57 45 23 25 9 53 8 63 34 47 36 27 5 39 7 54 21 10 28 37 4 18 49 32 61 52 13 50 3 38 62 59 24 60 1 48 2 51 12 16 31 64 40 33 19 35 56 26 42 15 44 6 11 22 41 58 29 46 55 17 30 14 43 20 
7 54 27 5 36 47 39 34 37 10 32 28 18 21 4 49 29 30 14 46 43 20 17 55 33 26 56 40 64 31 19 35 13 52 50 3 59 61 38 62 53 23 8 25 9 57 45 63 60 1 16 2 51 12 48 24 15 42 44 58 22 41 6 11 
