16 81
62 57 72 13 68 53 33 30 38 67 19 24 47 41 59 74 22 40 20 6 45 43 70 11 69 49 60 10 81 27 14 31 73 9 50 46 71 48 63 35 28 39 4 76 1 3 44 32 65 8 51 25 5 52 23 80 64 29 17 7 26 75 56 79 66 15 34 37 42 61 18 58 78 36 21 16 77 2 54 55 12 
8 65 3 32 44 51 52 25 5 70 60 45 6 69 43 20 11 49 77 21 12 78 54 36 55 16 2 75 26 17 56 64 23 29 7 80 57 13 30 33 62 72 38 53 68 74 22 67 41 47 24 40 59 19 42 58 66 79 18 34 15 61 37 1 4 63 48 39 35 28 71 76 31 9 10 81 14 73 50 27 46 
21 55 77 54 36 12 2 16 78 7 23 80 75 17 64 56 29 26 37 61 58 66 34 79 18 15 42 62 30 57 72 38 33 68 13 53 69 70 49 60 6 20 43 45 11 14 9 50 27 10 46 81 31 73 52 51 5 44 65 32 25 8 3 22 59 40 67 74 19 47 41 24 4 1 28 63 39 35 48 71 76 
47 41 74 67 22 24 19 40 59 54 2 12 21 55 78 77 36 16 14 10 46 31 50 9 27 81 73 61 15 18 37 66 42 79 34 58 65 32 25 52 8 3 5 51 44 20 11 70 69 6 45 49 43 60 35 76 4 1 71 48 63 28 39 68 38 30 13 72 33 62 57 53 64 29 75 26 56 23 7 17 80 
6 69 20 70 11 45 60 49 43 50 73 46 10 27 31 14 9 81 56 75 80 64 7 29 17 26 23 28 63 71 39 4 35 1 48 76 41 67 40 19 47 74 59 24 22 77 36 54 55 21 12 16 78 2 33 53 38 68 57 13 30 62 72 44 5 25 32 3 52 8 65 51 66 79 61 15 37 42 34 18 58 
28 71 39 48 1 76 35 63 4 32 52 51 8 65 5 3 44 25 74 47 24 59 67 22 41 40 19 21 16 55 77 78 2 36 54 12 18 34 15 42 61 37 66 58 79 72 68 13 57 62 53 30 38 33 73 46 31 9 27 50 81 10 14 29 64 26 7 56 23 75 17 80 43 11 6 49 20 60 70 69 45 
10 27 14 50 9 46 73 81 31 34 42 58 61 18 66 37 79 15 39 28 76 4 48 1 71 63 35 8 25 65 3 5 52 44 32 51 55 54 16 2 21 77 78 12 36 56 29 7 17 75 80 26 64 23 19 24 59 22 41 67 40 47 74 11 43 49 70 20 60 6 69 45 38 68 62 30 72 33 13 57 53 
61 18 37 34 79 58 42 15 66 13 33 53 62 57 38 72 68 30 3 8 51 5 32 44 65 25 52 6 49 69 20 43 60 11 70 45 17 7 26 23 75 56 64 80 29 39 1 48 71 28 76 63 4 35 2 12 78 36 55 54 16 21 77 9 31 81 50 14 73 10 27 46 59 22 47 40 74 19 67 41 24 
75 17 56 7 29 80 23 26 64 48 35 76 28 71 4 39 1 63 72 62 53 38 13 68 57 30 33 47 40 41 74 59 19 22 67 24 27 50 81 73 10 14 31 46 9 37 79 34 18 61 58 15 66 42 60 45 43 11 69 70 49 6 20 36 78 16 54 77 2 21 55 12 5 44 8 25 3 52 32 65 51 
52 25 50 8 3 27 31 9 51 6 66 18 60 49 45 34 20 79 48 2 71 12 21 77 16 1 4 23 44 26 32 80 5 56 75 65 30 62 36 78 33 54 53 55 72 7 74 47 40 19 17 29 24 64 59 41 58 37 15 61 22 42 67 39 76 11 28 70 43 35 63 69 46 14 73 68 13 38 10 81 57 
23 26 32 75 56 65 5 44 80 28 43 69 35 63 76 70 39 11 54 33 55 53 62 72 30 36 78 19 29 40 7 24 64 74 47 17 81 10 68 38 73 13 46 57 14 67 37 61 15 42 41 22 58 59 66 18 45 20 49 6 79 60 34 77 12 1 21 48 4 2 16 71 51 3 52 9 50 31 8 25 27 
33 30 54 62 72 55 78 36 53 47 64 17 19 40 24 7 74 29 34 60 18 45 6 20 49 79 66 73 68 81 13 46 38 14 10 57 63 28 11 43 35 70 76 69 39 50 3 8 25 52 27 9 51 31 5 65 80 56 26 75 44 23 32 37 58 22 61 67 59 42 15 41 12 77 2 1 48 4 21 16 71 
35 63 70 28 39 69 43 11 76 8 31 27 52 25 51 50 3 9 7 19 17 24 47 74 40 29 64 2 1 16 48 12 4 77 21 71 15 61 22 59 42 67 58 41 37 54 72 62 30 33 55 36 53 78 38 57 46 14 81 10 68 73 13 56 80 44 75 32 5 23 26 65 45 20 60 79 34 66 6 49 18 
73 81 13 10 14 57 38 68 46 61 59 41 42 15 58 67 37 22 70 35 69 76 28 39 63 11 43 52 9 25 50 51 31 3 8 27 16 21 1 4 2 48 12 71 77 32 56 75 26 23 65 44 80 5 64 17 24 74 40 47 29 19 7 20 45 79 6 34 66 60 49 18 53 72 33 36 54 78 62 30 55 
19 40 7 47 74 17 64 29 24 21 4 71 2 16 12 48 77 1 13 73 57 46 10 14 81 68 38 42 22 15 67 58 59 37 61 41 25 8 9 31 52 50 51 27 3 34 20 6 49 60 18 79 45 66 43 69 76 39 63 28 11 35 70 72 53 36 62 54 78 33 30 55 80 56 23 44 32 5 75 26 65 
60 49 34 6 20 18 66 79 45 10 38 57 73 81 46 13 14 68 32 23 65 80 75 56 26 44 5 35 11 63 70 76 43 39 28 69 40 47 29 64 19 7 24 17 74 48 77 21 16 2 71 1 12 4 78 55 53 72 30 62 36 33 54 3 51 9 8 50 31 52 25 27 58 37 42 22 67 59 61 15 41 
2 16 48 21 77 71 4 1 12 75 5 65 23 26 80 32 56 44 67 42 41 58 61 37 15 22 59 33 36 30 54 53 78 72 62 55 49 6 79 66 60 34 45 18 20 13 14 10 81 73 57 68 46 38 31 27 51 3 25 8 9 52 50 74 24 29 47 7 64 19 40 17 76 39 35 11 70 43 28 63 69 
42 15 67 61 37 41 59 22 58 62 78 55 33 30 53 54 72 36 50 52 27 51 8 3 25 9 31 60 79 49 34 45 66 20 6 18 26 75 44 5 23 32 80 65 56 70 39 28 63 35 69 11 76 43 4 71 12 77 16 21 1 2 48 14 46 68 10 13 38 73 81 57 24 74 19 29 7 64 47 40 17 
57 13 38 46 73 72 30 62 68 58 40 74 41 67 22 59 42 47 43 69 20 11 76 35 70 6 49 27 10 50 31 9 81 52 51 14 48 12 28 63 71 4 1 39 2 5 23 80 32 65 3 8 44 25 26 56 29 19 7 24 75 17 64 60 79 61 45 66 15 18 34 37 36 33 55 21 78 16 53 54 77 
41 67 59 58 42 74 40 47 22 53 16 77 55 54 36 78 33 21 31 27 14 9 51 52 50 10 81 18 61 34 66 79 15 60 45 37 32 80 8 25 65 5 44 3 23 43 35 76 70 69 20 6 11 49 63 39 1 2 48 12 28 71 4 73 68 62 46 38 30 57 13 72 29 19 17 75 64 26 24 7 56 
17 7 64 24 19 56 26 75 29 12 63 39 71 48 1 4 2 28 38 57 72 68 46 73 13 62 30 41 47 67 59 22 40 42 58 74 50 51 10 81 27 31 9 14 52 66 60 45 34 18 37 61 79 15 49 20 11 35 70 76 6 69 43 33 36 21 53 78 16 55 54 77 44 23 65 8 5 25 80 32 3 
69 70 43 76 35 20 49 6 11 51 81 14 27 50 9 31 52 10 64 17 56 29 24 19 7 75 26 71 28 48 4 1 63 2 12 39 67 58 47 40 41 59 22 74 42 78 33 53 54 55 77 21 36 16 30 72 68 73 13 46 62 57 38 23 44 8 80 5 25 65 32 3 79 60 18 61 66 15 45 34 37 
71 48 4 12 2 39 63 28 1 80 25 3 65 32 44 5 23 8 59 41 74 22 58 42 67 47 40 55 21 54 78 36 16 33 53 77 34 45 61 15 18 66 79 37 60 38 73 46 13 57 72 62 68 30 81 14 9 52 50 51 10 27 31 19 29 75 24 64 26 17 7 56 11 35 69 6 43 49 76 70 20 
27 50 31 51 52 14 81 10 9 45 15 37 18 34 79 66 60 61 4 71 39 1 12 2 48 28 63 65 8 32 5 44 25 23 80 3 54 53 21 16 55 78 36 77 33 64 19 24 7 17 56 75 29 26 40 74 22 42 67 58 47 41 59 35 11 6 76 43 49 69 70 20 68 73 57 62 38 30 46 13 72 
55 54 78 53 33 77 16 21 36 24 26 56 17 7 29 64 19 75 66 18 37 79 45 60 34 61 15 57 62 13 38 68 30 73 46 72 70 76 6 49 69 43 11 20 35 31 52 51 50 27 14 10 9 81 25 3 44 23 32 80 8 65 5 42 22 47 58 59 40 41 67 74 1 2 71 28 4 63 12 48 39 
65 32 5 80 23 3 25 8 44 76 49 20 69 70 11 43 35 6 78 55 77 36 53 33 54 21 16 17 75 7 64 29 26 19 24 56 13 46 62 30 57 38 68 72 73 59 42 58 67 41 74 47 22 40 15 37 79 60 34 45 61 18 66 2 1 28 12 4 63 71 48 39 9 52 27 10 31 81 51 50 14 
18 34 66 45 60 37 15 61 79 46 30 72 57 13 68 38 73 62 5 65 3 44 80 23 32 8 25 69 6 70 43 11 49 35 76 20 7 24 75 26 17 64 29 56 19 4 2 12 48 71 39 28 1 63 16 77 36 33 54 53 21 55 78 52 9 10 51 31 81 27 50 14 22 42 41 47 59 40 58 67 74 
20 43 49 11 69 60 34 45 6 9 13 73 14 31 10 81 27 46 26 56 23 75 29 17 64 80 32 39 76 4 63 28 70 71 1 35 59 22 24 7 74 40 47 19 41 16 55 36 78 77 2 12 21 48 54 33 62 57 38 68 53 72 30 65 8 51 44 25 50 3 5 52 61 18 37 58 15 67 79 66 42 
56 64 26 29 17 23 32 80 75 1 70 35 39 4 28 63 71 76 30 72 33 62 68 57 38 53 54 74 24 59 40 47 7 41 22 19 31 9 46 13 14 81 10 73 27 15 18 79 66 37 42 58 61 67 34 60 6 69 43 11 45 20 49 55 21 12 36 16 48 77 78 2 8 65 3 51 25 50 44 5 52 
3 5 25 44 65 52 50 51 8 11 34 60 20 43 6 49 69 45 16 77 2 21 36 55 78 12 48 56 80 64 26 75 32 17 29 23 38 68 53 54 72 30 62 33 57 40 41 22 59 74 19 24 47 7 67 42 61 18 66 79 58 37 15 71 28 76 1 63 70 39 4 35 10 27 14 46 81 13 9 31 73 
77 78 16 36 55 2 48 12 21 29 32 23 56 64 75 26 17 80 15 37 42 61 79 18 66 58 67 72 53 38 30 62 54 57 68 33 43 11 45 34 20 49 6 60 69 81 27 9 31 14 73 46 10 13 50 52 8 65 5 44 51 3 25 41 47 24 22 40 7 74 59 19 28 71 39 76 63 70 1 4 35 
72 38 30 68 57 33 54 53 62 22 7 19 74 59 47 40 41 24 49 20 60 6 11 69 43 45 34 14 46 31 81 10 13 27 9 73 4 1 76 70 39 63 28 35 71 25 65 44 5 3 52 51 8 50 32 23 75 17 64 29 80 56 26 18 61 58 79 15 67 37 66 42 21 55 77 12 16 48 36 78 2 
37 66 15 79 18 42 67 58 61 68 54 33 72 38 62 30 57 53 25 3 52 8 44 65 5 51 50 20 45 43 49 6 34 69 11 60 64 29 80 32 56 26 75 23 17 63 71 1 4 39 35 76 28 70 48 2 21 55 78 36 12 77 16 27 10 46 9 81 13 14 31 73 47 41 74 24 40 7 22 59 19 
39 4 63 1 71 35 70 76 28 44 50 52 3 5 8 25 65 51 40 74 19 47 22 41 59 24 7 77 12 78 16 21 48 55 36 2 66 79 58 67 37 15 61 42 18 30 57 68 38 72 33 53 62 54 13 73 10 27 31 9 46 14 81 17 75 80 29 26 32 56 64 23 6 69 20 45 49 34 11 43 60 
14 31 81 9 27 73 13 46 10 79 67 42 37 66 61 15 18 58 63 39 35 28 1 71 4 76 70 3 51 5 25 8 50 65 44 52 78 36 12 48 77 16 21 2 55 26 17 29 64 56 23 80 75 32 7 19 47 41 59 22 24 74 40 69 6 45 11 49 34 20 43 60 62 57 72 53 30 54 68 38 33 
74 59 40 22 41 19 7 24 47 36 48 2 77 78 21 16 55 12 81 14 73 10 9 27 31 46 13 37 58 66 15 61 67 18 79 42 5 44 51 50 3 25 8 52 65 49 69 11 43 20 60 45 6 34 70 35 28 71 4 1 76 39 63 57 62 53 68 30 54 72 38 33 75 17 56 80 26 32 29 64 23 
4 1 28 2 48 63 76 39 71 23 51 25 5 44 65 8 32 3 47 59 40 41 42 67 22 74 24 78 77 36 21 55 12 54 33 16 79 60 37 58 66 61 18 15 34 62 13 73 68 38 30 72 57 53 46 81 27 50 9 52 14 31 10 7 17 56 19 75 80 64 29 26 69 70 43 20 6 45 35 11 49 
31 9 10 52 50 81 46 14 27 60 58 15 66 79 18 61 34 37 28 4 63 71 2 48 1 39 76 5 3 44 8 65 51 32 23 25 36 33 77 12 78 21 55 16 54 75 7 19 29 64 26 56 17 80 24 40 41 67 22 42 74 59 47 70 69 20 35 6 45 43 11 49 57 13 38 72 62 53 73 68 30 
5 44 8 23 32 25 51 3 65 35 45 49 43 11 69 6 70 20 21 78 16 55 33 54 36 77 12 64 56 29 75 17 80 7 19 26 68 73 72 53 38 62 57 30 13 47 67 42 22 59 40 74 41 24 58 15 18 34 79 60 37 66 61 48 71 39 2 28 76 4 1 63 27 50 31 14 10 46 52 9 81 
38 68 62 73 13 30 53 72 57 42 24 40 59 22 41 47 67 74 6 43 49 69 35 70 11 20 45 31 14 9 10 27 46 50 52 81 1 2 39 76 4 28 71 63 48 8 32 23 44 5 25 3 65 51 80 26 17 7 29 19 56 64 75 34 18 37 60 61 58 66 79 15 55 54 78 77 21 12 33 36 16 
64 29 75 19 7 26 80 56 17 2 76 63 4 1 71 28 48 39 62 38 30 57 73 13 68 72 53 59 74 22 47 41 24 67 42 40 9 52 14 46 31 10 27 81 50 61 34 60 79 66 15 37 18 58 45 49 69 70 11 35 20 43 6 54 55 77 33 21 12 78 36 16 65 32 5 3 8 51 23 44 25 
66 79 61 60 34 15 58 37 18 73 53 30 38 68 57 62 13 72 8 5 25 65 23 32 44 3 51 43 20 11 6 69 45 70 35 49 29 19 56 80 64 75 17 26 7 28 48 2 1 4 63 39 71 76 12 16 55 54 36 33 77 78 21 50 27 14 52 10 46 31 9 81 41 67 59 74 47 24 42 22 40 
78 36 21 33 54 16 12 77 55 19 80 26 64 29 17 75 7 56 61 66 15 18 60 34 79 37 58 38 72 68 62 57 53 13 73 30 11 35 20 45 43 6 69 49 70 10 50 52 9 31 81 14 27 46 51 25 65 32 44 23 3 5 8 67 41 74 42 47 24 59 22 40 71 48 4 39 28 76 2 1 63 
59 22 47 42 67 40 24 74 41 33 12 16 78 36 55 21 54 77 10 31 81 27 52 50 9 14 46 66 37 79 61 18 58 34 60 15 44 23 3 51 5 8 65 25 32 6 70 35 11 43 49 20 69 45 76 63 71 48 1 2 39 4 28 13 57 72 73 62 53 38 68 30 17 7 64 56 75 80 19 29 26 
43 11 6 35 70 49 45 20 69 52 46 81 31 9 27 10 50 14 75 64 26 17 19 7 29 56 80 4 39 1 28 71 76 48 2 63 22 42 74 24 59 47 41 40 67 21 54 33 36 78 16 77 55 12 53 30 57 13 68 73 72 38 62 32 65 3 23 8 51 5 44 25 18 34 66 37 61 58 60 79 15 
26 75 80 17 64 32 44 23 56 71 11 70 63 28 39 76 4 35 53 30 54 72 57 38 62 33 36 40 19 47 24 74 29 59 41 7 10 27 73 68 81 46 14 13 31 58 66 18 61 15 67 42 37 22 79 34 20 43 6 69 60 49 45 78 77 2 55 12 1 16 21 48 3 5 25 52 51 9 65 8 50 
15 61 58 18 66 67 22 42 37 57 36 54 30 62 72 53 38 33 51 25 50 3 65 5 8 52 9 49 60 6 45 20 79 43 69 34 75 17 23 44 26 80 56 32 64 76 4 71 28 63 70 35 39 11 1 48 77 78 21 55 2 16 12 31 14 73 27 46 68 81 10 13 74 59 40 19 24 29 41 47 7 
40 47 24 41 59 7 29 19 74 55 1 48 16 21 77 12 78 2 46 81 13 14 27 31 10 73 68 15 42 61 58 37 22 66 18 67 8 65 52 9 25 51 3 50 5 45 43 69 6 49 34 60 20 79 11 70 39 4 28 71 35 63 76 38 72 33 57 53 36 30 62 54 56 64 26 23 80 44 17 75 32 
49 6 45 69 43 34 79 60 20 27 68 13 81 10 14 46 31 73 80 26 32 56 17 64 75 23 44 63 35 28 76 39 11 4 71 70 47 41 19 29 40 24 74 7 59 12 78 55 21 16 48 2 77 1 36 54 72 38 62 57 33 30 53 5 3 52 65 51 9 25 8 50 37 66 15 42 58 22 18 61 67 
30 62 53 57 38 54 36 33 72 41 29 7 40 47 74 24 59 19 45 49 34 20 69 43 6 60 79 81 73 10 46 14 68 31 27 13 28 71 35 11 63 76 39 70 4 51 5 65 8 25 50 52 3 9 44 32 56 64 75 17 23 26 80 66 37 42 18 58 22 15 61 67 77 78 16 2 12 1 55 21 48 
81 10 46 27 31 13 68 73 14 18 22 67 15 61 37 58 66 42 76 63 70 39 71 4 28 35 11 25 52 8 51 3 9 5 65 50 21 55 2 1 16 12 77 48 78 80 64 17 75 26 32 23 56 44 29 7 74 59 47 41 19 40 24 43 20 60 69 45 79 49 6 34 72 38 30 33 53 36 57 62 54 
25 8 51 65 5 50 9 52 3 69 79 34 49 6 20 45 43 60 12 16 48 77 55 78 21 2 1 26 23 75 80 56 44 64 17 32 62 57 33 36 30 53 72 54 38 24 59 41 47 40 7 19 74 29 22 67 37 66 61 18 42 15 58 4 39 35 71 76 11 63 28 70 14 31 81 73 46 68 27 10 13 
16 21 12 55 78 48 1 2 77 17 44 32 26 75 56 80 64 23 58 15 67 37 18 66 61 42 22 30 33 62 53 72 36 38 57 54 6 69 60 79 49 45 20 34 43 46 31 27 10 81 13 73 14 68 9 50 3 5 8 65 52 25 51 59 74 19 41 24 29 40 47 7 39 4 63 35 76 11 71 28 70 
63 28 76 71 4 70 11 35 39 65 9 50 25 8 3 51 5 52 24 40 7 74 41 59 47 19 29 16 2 21 12 77 1 78 55 48 61 18 42 22 15 58 37 67 66 53 38 57 62 30 54 33 72 36 68 13 14 31 10 27 73 81 46 64 56 23 17 80 44 26 75 32 20 43 49 60 45 79 69 6 34 
32 80 44 56 26 5 8 65 23 39 6 43 70 76 35 11 63 69 36 54 78 33 72 30 53 55 21 7 17 24 29 19 75 40 74 64 46 14 57 62 13 68 73 38 81 22 15 37 58 67 59 41 42 47 61 66 60 49 45 20 18 34 79 16 2 71 77 1 28 48 12 4 52 25 50 27 9 10 3 51 31 
7 24 29 74 40 64 75 17 19 77 28 4 48 12 2 1 16 71 68 13 38 73 14 81 46 57 62 67 41 58 22 42 47 15 37 59 51 3 27 10 50 9 52 31 25 79 49 20 45 34 66 18 60 61 6 43 35 63 76 39 69 70 11 30 33 55 72 36 21 54 53 78 23 26 32 65 44 8 56 80 5 
50 51 9 3 25 31 10 27 52 20 61 66 34 45 60 79 49 18 1 48 4 2 77 16 12 71 28 32 65 80 44 23 8 26 56 5 53 72 55 21 54 36 33 78 30 29 40 74 24 7 64 17 19 75 47 59 42 15 58 37 41 67 22 63 35 69 39 11 6 70 76 43 73 81 13 57 68 62 14 46 38 
70 76 11 39 63 43 6 69 35 3 10 31 50 51 52 9 25 27 29 7 64 19 74 40 24 17 75 48 71 12 1 2 28 16 77 4 58 37 41 47 67 22 42 59 15 36 30 72 53 54 78 55 33 21 62 38 73 81 46 14 57 13 68 26 23 65 56 44 8 32 80 5 60 49 34 18 79 61 20 45 66 
48 12 1 77 16 4 28 71 2 56 8 5 32 80 23 44 26 65 22 67 59 42 37 15 58 41 47 54 55 53 36 33 21 30 72 78 45 20 18 61 34 79 60 66 49 68 81 14 46 13 38 57 73 62 10 31 52 25 51 3 27 50 9 40 19 17 74 29 75 7 24 64 35 63 70 69 11 6 39 76 43 
54 53 36 72 30 78 21 55 33 74 75 64 7 24 19 29 40 17 79 34 66 60 20 49 45 18 61 13 57 46 68 73 62 81 14 38 76 39 69 6 70 11 35 43 63 9 25 3 51 50 31 27 52 10 8 5 23 26 80 56 65 32 44 15 42 41 37 22 47 67 58 59 2 16 48 71 1 28 77 12 4 
34 45 79 20 49 66 61 18 60 14 62 38 13 46 73 68 81 57 44 32 5 23 56 26 80 65 8 70 69 76 11 35 6 63 39 43 24 74 17 75 7 29 19 64 40 1 16 77 12 48 4 71 2 28 21 78 33 30 53 72 55 54 36 25 52 27 3 9 10 50 51 31 42 15 67 41 22 47 37 58 59 
13 46 68 14 81 38 62 57 73 37 47 59 67 58 42 22 15 41 11 70 43 35 39 63 76 69 6 50 27 51 9 52 10 25 3 31 12 77 71 28 48 1 2 4 16 44 26 56 80 32 5 65 23 8 75 64 19 40 24 74 17 7 29 49 60 18 20 79 61 34 45 66 33 30 54 55 36 21 72 53 78 
67 58 22 37 15 59 47 41 42 72 21 78 54 53 33 36 30 55 9 50 31 52 3 25 51 27 10 34 18 45 79 60 61 49 20 66 80 56 65 8 32 44 23 5 26 11 63 39 76 70 43 69 35 6 28 4 2 16 12 77 71 48 1 81 73 57 14 68 62 13 46 38 19 40 7 17 29 75 74 24 64 
36 33 55 30 53 21 77 78 54 40 56 75 29 19 7 17 24 64 18 79 61 34 49 45 60 66 37 68 38 73 57 13 72 46 81 62 35 63 43 20 11 69 70 6 76 27 51 25 52 9 10 31 50 14 3 8 32 80 23 26 5 44 65 58 67 59 15 41 74 22 42 47 48 12 1 4 71 39 16 2 28 
79 60 18 49 45 61 37 66 34 81 72 62 68 73 13 57 46 38 65 44 8 32 26 80 23 5 3 11 43 35 69 70 20 76 63 6 19 40 64 56 29 17 7 75 24 71 12 16 2 1 28 4 48 39 77 21 54 53 33 30 78 36 55 51 50 31 25 27 14 9 52 10 67 58 22 59 41 74 15 42 47 
29 19 17 40 24 75 56 64 7 16 39 28 1 2 48 71 12 4 57 68 62 13 81 46 73 38 72 22 59 42 41 67 74 58 15 47 52 25 31 14 9 27 50 10 51 18 45 49 60 79 61 66 34 37 20 6 70 76 35 63 43 11 69 53 54 78 30 55 77 36 33 21 32 80 44 5 65 3 26 23 8 
22 42 41 15 58 47 74 59 67 30 77 21 36 33 54 55 53 78 27 9 10 50 25 51 52 31 14 79 66 60 18 34 37 45 49 61 23 26 5 3 44 65 32 8 80 69 76 63 35 11 6 43 70 20 39 28 48 12 2 16 4 1 71 46 13 38 81 57 72 68 73 62 7 24 29 64 17 56 40 19 75 
68 73 57 81 46 62 72 38 13 15 74 47 22 42 67 41 58 59 69 11 6 70 63 76 35 43 20 9 31 52 27 50 14 51 25 10 2 16 4 39 1 71 48 28 12 65 80 26 23 44 8 5 32 3 56 75 7 24 19 40 64 29 17 45 34 66 49 18 37 79 60 61 54 53 36 78 55 77 30 33 21 
9 52 27 25 51 10 14 31 50 49 37 61 79 60 34 18 45 66 71 1 28 48 16 12 2 4 39 44 5 23 65 32 3 80 26 8 33 30 78 77 36 55 54 21 53 17 24 40 19 29 75 64 7 56 74 47 67 58 42 15 59 22 41 76 70 43 63 69 20 11 35 6 13 46 68 38 57 72 81 73 62 
1 2 71 16 12 28 39 4 48 26 3 8 44 23 32 65 80 5 41 22 47 67 15 58 42 59 74 36 78 33 55 54 77 53 30 21 60 49 66 37 79 18 34 61 45 57 46 81 73 68 62 38 13 72 14 10 50 51 52 25 31 9 27 24 7 64 40 17 56 29 19 75 70 76 11 43 69 20 63 35 6 
11 35 69 63 76 6 20 43 70 25 14 10 9 52 50 27 51 31 17 29 75 7 40 24 19 64 56 1 4 2 71 48 39 12 16 28 42 15 59 74 22 41 67 47 58 55 53 30 33 36 21 78 54 77 72 62 13 46 73 81 38 68 57 80 32 5 26 65 3 44 23 8 34 45 79 66 18 37 49 60 61 
44 23 65 26 80 8 3 5 32 63 20 6 11 35 70 69 76 43 55 36 21 54 30 53 33 78 77 29 64 19 17 7 56 24 40 75 73 81 38 72 68 57 13 62 46 41 58 15 42 22 47 59 67 74 37 61 34 45 60 49 66 79 18 12 48 4 16 71 39 1 2 28 50 51 9 31 27 14 25 52 10 
45 20 60 43 6 79 18 34 49 31 57 68 46 14 81 73 10 13 23 80 44 26 64 75 56 32 65 76 70 39 35 63 69 28 4 11 74 59 7 17 24 19 40 29 47 2 21 78 77 12 1 48 16 71 55 36 30 62 72 38 54 53 33 8 25 50 5 52 27 51 3 9 15 61 58 67 42 41 66 37 22 
51 3 52 5 8 9 27 50 25 43 18 79 45 20 49 60 6 34 2 12 1 16 78 21 77 48 71 80 32 56 23 26 65 75 64 44 72 38 54 55 53 33 30 36 62 19 47 59 74 24 29 7 40 17 41 22 15 61 37 66 67 58 42 28 63 70 4 35 69 76 39 11 81 10 46 13 73 57 31 14 68 
76 39 35 4 28 11 69 70 63 5 27 9 51 3 25 52 8 50 19 24 29 40 59 47 74 7 17 12 48 77 2 16 71 21 78 1 37 66 67 41 58 42 15 22 61 33 62 38 72 53 36 54 30 55 57 68 81 10 14 31 13 46 73 75 26 32 64 23 65 80 56 44 49 6 45 34 60 18 43 20 79 
24 74 19 59 47 29 17 7 40 78 71 1 12 77 16 2 21 48 73 46 68 81 31 10 14 13 57 58 67 37 42 15 41 61 66 22 3 5 50 27 51 52 25 9 8 60 6 43 20 45 79 34 49 18 69 11 63 28 39 4 70 76 35 62 30 54 38 33 55 53 72 36 26 75 80 32 23 65 64 56 44 
53 72 33 38 62 36 55 54 30 59 17 29 24 74 40 19 47 7 60 45 79 49 43 6 20 34 18 46 13 14 73 81 57 10 31 68 39 4 70 69 76 35 63 11 28 52 8 5 3 51 9 50 25 27 65 44 26 75 56 64 32 80 23 61 15 67 66 42 41 58 37 22 16 21 12 48 2 71 78 77 1 
12 77 2 78 21 1 71 48 16 64 65 44 80 56 26 23 75 32 42 58 22 15 66 61 37 67 41 53 54 72 33 30 55 62 38 36 20 43 34 18 45 60 49 79 6 73 10 31 14 46 68 13 81 57 27 9 25 8 3 5 50 51 52 47 40 7 59 19 17 24 74 29 63 28 76 70 35 69 4 39 11 
58 37 42 66 61 22 41 67 15 38 55 36 53 72 30 33 62 54 52 51 9 25 5 8 3 50 27 45 34 20 60 49 18 6 43 79 56 64 32 65 80 23 26 44 75 35 28 4 39 76 11 70 63 69 71 1 16 21 77 78 48 12 2 10 81 13 31 73 57 46 14 68 40 47 24 7 19 17 59 74 29 
46 14 73 31 10 68 57 13 81 66 41 22 58 37 15 42 61 67 35 76 11 63 4 28 39 70 69 51 50 3 52 25 27 8 5 9 77 78 48 71 12 2 16 1 21 23 75 64 56 80 44 32 26 65 17 29 40 47 74 59 7 24 19 6 49 34 43 60 18 45 20 79 30 62 53 54 33 55 38 72 36 
80 56 23 64 75 44 65 32 26 4 69 11 76 39 63 35 28 70 33 53 36 30 38 62 72 54 55 24 7 74 19 40 17 47 59 29 14 31 13 57 46 73 81 68 10 42 61 66 37 58 22 67 15 41 18 79 49 6 20 43 34 45 60 21 16 48 78 2 71 12 77 1 25 8 51 50 52 27 5 3 9 
